time	0h	0h	0h	4h	4h	4h	12h	12h	12h	12h	24h	24h	24h
label	RT 0HR 1_001	RT 0HR 2_002	RT 0HR 3_003	RT 4HR 1_010	RT 4HR 2_011	RT 4HR 3_012	RT 12 HR 1_018	RT 12 HR 2_019	RT 12 HR 3_020	RT 12 HR 4_021	RT 24 HR 3_029	RT 24 HR 4_030	RT 24HR 1_027
zymosterol	0.632139732	0.326975337	0.040717891	0.688903341	0.367980053	0.084134718	0.12478502	0.014366385	0.811110768	0.867202705	0.812983863	0.662493467	0.358500053
xylulose NIST	0.511006873	0.187031303	0.586462352	0.1232269	0.039786148	0.001517846	0.600834993	0.390477672	0.782473605	0.929735708	0.57331789	0.417607079	0.224098449
xylose	0.034944708	0.896467583	0.428778568	0.696141067	0.723637129	0.090126067	0.385733949	0.033115413	0.204362705	0.044334545	0.243652106	0.862976135	0.135380756
xylonic acid isomer	0.143743545	0.347373865	0.132351889	0.505020064	0.029678635	0.984198745	0.279365061	0.893116465	0.10035551	0.568851434	0.638548096	0.312908276	0.092412091
xylitol	0.047894651	0.536016536	0.149225286	0.345798342	0.460898822	0.493633602	0.140915606	0.655186118	0.792365782	0.376497383	0.783792887	0.213404008	0.437658067
valine	0.60849914	0.332668658	0.894298053	0.729762287	0.769032642	0.295390805	0.711918173	0.677423564	0.732251336	0.678427104	0.047231324	0.670412104	0.065912016
uric acid	0.522008882	0.117785743	0.847730047	0.615861221	0.79542817	0.384396941	0.038360409	0.981562692	0.767606178	0.418461113	0.999895073	0.236736427	0.545057004
urea	0.666523952	0.703407046	0.612694848	0.946998568	0.819089541	0.542348459	0.274718999	0.146446204	0.602764745	0.149466119	0.208841328	0.338541357	0.491215163
uracil	0.912839685	0.8878464	0.559461918	0.002253139	0.855789419	0.686784663	0.66244653	0.803527763	0.033463103	0.873342878	0.678829533	0.932492904	0.946278319
UDP-glucuronic acid	0.838042199	0.336400392	0.172293311	0.42878618	0.563580317	0.353332765	0.918485691	0.407380568	0.523760538	0.53103557	0.391359429	0.460867272	0.52953024
tyrosine	0.591845825	0.534999514	0.949680351	0.209738387	0.49395452	0.674393194	0.61091157	0.47511262	0.378937606	0.575926592	0.411600573	0.60153205	0.784122193
tryptophan	0.237020592	0.495873201	0.844948123	0.81033621	0.608013686	0.156949009	0.533860138	0.781290718	0.69609685	0.989338122	0.697600325	0.67305678	0.042392797
trans-4-hydroxyproline	0.774926337	0.13767739	0.586097754	0.603432046	0.678838321	0.832896574	0.955734128	0.628187404	0.030516256	0.179325771	0.330021596	0.658321589	0.435122898
tocopherol alpha-	0.744659733	0.242040795	0.95956141	0.158042276	0.042859668	0.694816478	0.494730131	0.828144709	0.321138294	0.05484574	0.408632716	0.393754595	0.890780559
thymine	0.130639672	0.696691522	0.019633095	0.630859661	0.001952613	0.447864851	0.541563692	0.394523958	0.474882357	0.600453042	0.667707469	0.994673877	0.5135868
thymidine	0.214153161	0.392553317	0.698956675	0.611171179	0.613664471	0.254065083	0.945576222	0.844401582	0.205768965	0.8775123	0.069541232	0.723601191	0.631076601
threonine	0.404855542	0.282549116	0.177080644	0.484023246	0.599608457	0.317443061	0.463622068	0.812374978	0.225038318	0.553668451	0.48950375	0.708480392	0.382370582
threonic acid	0.664041703	0.022750588	0.155014971	0.168106819	0.327307198	0.816191446	0.771561995	0.590555203	0.314405255	0.815526765	0.686003166	0.848614052	0.44192538
taurine	0.722177471	0.206746038	0.645636586	0.52374899	0.902028083	0.082849041	0.235025458	0.53079517	0.000205825	0.948951459	0.11281633	0.502893259	0.636901248
sulfuric acid	0.942077386	0.867986528	0.368733828	0.237987945	0.367311981	0.925804453	0.492408079	0.836334859	0.174279722	0.942310328	0.155848037	0.921305846	0.234698729
sucrose	0.934182976	0.334184562	0.117445306	0.446581142	0.760647332	0.019292841	0.76978475	0.309445693	0.006510809	0.77805391	0.044512769	0.411193377	0.832475641
succinic acid	0.118154874	0.583967729	0.286414001	0.910614492	0.572199742	0.929282265	0.269507658	0.906266237	0.193132873	0.017097377	0.415591048	0.658623429	0.94617289
stearic acid	0.421562539	0.313547416	0.321077888	0.823341882	0.229492357	0.546794003	0.977420872	0.147616858	0.998398598	0.716664891	0.484757103	0.869028707	0.564374485
sorbitol	0.419788745	0.581984199	0.938872059	0.093653712	0.917900261	0.451522427	0.737616718	0.290931335	0.694656556	0.752285742	0.446369433	0.883598939	0.909562707
serine	0.135715719	0.146244041	0.664400856	0.327547335	0.480905295	0.125845287	0.741252142	0.459800547	0.257201371	0.305571802	0.615481585	0.371398588	0.978408711
salicylic acid	0.994217159	0.537945792	0.787744171	0.043792241	0.74756102	0.800979263	0.661994537	0.333669539	0.034183647	0.635959529	0.40705665	0.88837646	0.15608388
saccharic acid	0.71057026	0.532387692	0.079261706	0.653358241	0.843644462	0.104860131	0.099631121	0.92709644	0.265267497	0.22208873	0.444336431	0.043578983	0.195929963
ribose	0.392547712	0.50830165	0.582521433	0.7112884	0.534419229	0.112429337	0.471126966	0.428108234	0.113275574	0.281025649	0.853306896	0.402467811	0.588685566
ribonic acid	0.793960477	0.787243923	0.443223562	0.389890724	0.995866424	0.517815433	0.786852567	0.356063017	0.238088725	0.479290685	0.907753321	0.845259639	0.700937101
quinic acid	0.022176085	0.851778844	0.960265443	0.324129653	0.292072143	0.32745938	0.209522024	0.798460021	0.292144577	0.707361334	0.558038717	0.662851524	0.949706036
pyruvic acid	0.034918858	0.174999666	0.226040003	0.223751708	0.129359742	0.067219833	0.616458996	0.484382993	0.691321847	0.062784969	0.868783841	0.805920719	0.432907541
pyrophosphate	0.092297642	0.869272904	0.491117604	0.681377723	0.146443886	0.73414114	0.573471339	0.617522499	0.261071283	0.935627248	0.526402003	0.690208981	0.954183999
putrescine	0.73896589	0.931083323	0.869775433	8.04354E-05	0.395846358	0.617014851	0.440795867	0.718713913	0.51097486	0.159161694	0.639469528	0.68270261	0.901686622
p-tolyl glucuronide	0.803736478	0.179551648	0.049789291	0.725823884	0.963269159	0.276169942	0.114851362	0.963063979	0.854225491	0.868703282	0.604465781	0.616746515	0.076086778
pseudo uridine	0.029867636	0.794899856	0.281044307	0.170757143	0.125332738	0.329333593	0.076490497	0.057234778	0.995090175	0.964013384	0.55151414	0.094894514	0.783837378
propane-1,3-diol NIST	0.770507374	0.676276315	0.895327435	0.491355072	0.476262082	0.750418964	0.041304652	0.93092503	0.04138875	0.281026597	0.067549251	0.139917495	0.334266601
proline	0.417003686	0.805656819	0.2478061	0.946265403	0.282493027	0.046527935	0.674208174	0.428491039	0.017831099	0.253979514	0.184629728	0.719959352	0.344746101
pipecolinic acid	0.248556412	0.008638297	0.838769753	0.678636578	0.056144037	0.299110232	0.550661664	0.855887935	0.323945167	0.623708677	0.920735069	0.607212906	0.996231349
pinitol	0.104438226	0.349111112	0.015022152	0.086966663	0.489037488	0.498443007	0.169453021	0.439379647	0.132157991	0.568135774	0.528487171	0.084526085	0.312058173
phosphoethanolamine	0.811181233	0.847639556	0.599396327	0.085537304	0.371564865	0.890305667	0.254430762	0.032579622	0.310033727	0.676877774	0.752828609	0.041551391	0.826265222
phosphate	0.144252859	0.246249191	0.936052083	0.93900669	0.44172017	0.358585713	0.028957407	0.874153568	0.608880552	0.192936342	0.117949169	0.919910055	0.773966041
phenylethylamine	0.485447613	0.582121593	0.997124541	0.538627387	0.962503747	0.497948005	0.765544658	0.523487222	0.949393608	0.858778503	0.324329679	0.35095729	0.452740709
phenylalanine	0.21098044	0.425559099	0.813971374	0.371581766	0.219429972	0.538269283	0.077062732	0.465556597	0.991423909	0.221774477	0.742034107	0.8479085	0.080512542
phenol	0.267905891	0.532126651	0.827898513	0.95609368	0.042637876	0.381422688	0.53011361	0.051917932	0.667209361	0.154165474	0.620898725	0.692856076	0.508875462
phenaceturic acid	0.76489517	0.844962705	0.123138248	0.634330738	0.097355821	0.782340304	0.194039139	0.31896856	0.237642961	0.847926168	0.388261979	0.51811234	0.524044558
pentadecanoic acid	0.989178722	0.853561922	0.254225755	0.119557525	0.097895914	0.513482924	0.920472424	0.800481384	0.610712378	0.194017429	0.832928083	0.95989981	0.603309467
pelargonic acid	0.826990627	0.136158471	0.30431384	0.117508697	0.923103323	0.772143852	0.685711868	0.16910853	0.919012823	0.998798941	0.424686	0.639818224	0.401769063
pantothenic acid	0.336279241	0.688174573	0.16773845	0.826230662	0.008775643	0.014703002	0.16982078	0.987997521	0.813664096	0.504374968	0.365170935	0.566444427	0.800928663
palmitoleic acid	0.28905881	0.495920532	0.742250452	0.083815049	0.446532918	0.656370544	0.02088564	0.731144601	0.808750864	0.441105363	0.746227354	0.298530643	0.74513557
palmitic acid	0.848246686	0.116802759	0.220858579	0.747631424	0.137699911	0.53441603	0.227838372	0.298993722	0.930209315	0.668657742	0.793457461	0.647972653	0.350916117
oxoproline	0.945798045	0.797026273	0.386886297	0.773749044	0.295546264	0.853826157	0.896179942	0.949620242	0.091715843	0.556322157	0.933865093	0.159400438	0.136998692
oxalic acid	0.692313336	0.494190252	0.726953996	0.713072727	0.330117207	0.221259911	0.763430903	0.045519488	0.361944068	0.395231881	0.237103033	0.756480037	0.915261468
orotic acid	0.177838108	0.684668448	0.383107689	0.382895475	0.100980258	0.68804675	0.871585703	0.596791398	0.20940861	0.479276766	0.85662312	0.211704333	0.928353806
ornithine	0.262617114	0.002639133	0.237038145	0.31951715	0.028693268	0.761961462	0.772365538	0.828719	0.427853346	0.017712345	0.52269725	0.626502761	0.822593621
oleic acid	0.62972463	0.214772556	0.124175518	0.562114397	0.676354668	0.375408021	0.301626926	0.229389697	0.623526162	0.190738379	0.76880697	0.511464281	0.030495451
oleamide NIST	0.427238852	0.411863804	0.23247864	0.494684054	0.059474946	0.995116632	0.270162587	0.063014256	0.018211736	0.782425202	0.53539325	0.964359369	0.402630215
N-methylalanine	0.368586472	0.501696391	0.067082781	0.260967137	0.522388901	0.493721978	0.360366961	0.098946406	0.62745935	0.419733005	0.516069343	0.381982375	0.097096282
nicotinamide	0.243430887	0.653399219	0.850750056	0.467753972	0.23408292	0.973349276	0.299085411	0.144075372	0.136812381	0.801390984	0.211263801	0.860387972	0.642258372
N-acetylmannosamine	0.766846632	0.358030945	0.184825211	0.803101558	0.863586947	0.690842284	0.940271267	0.632210262	0.879895418	0.666391058	0.551221926	0.370016587	0.51830623
N-acetylglycine NIST	0.251594997	0.83594001	0.598648209	0.154626735	0.279047161	0.232531431	0.346792743	0.555612743	0.949271225	0.501101043	0.976505097	0.913856352	0.250202716
n-acetylglutamate	0.723324056	0.006062587	0.640846171	0.23133194	0.421809576	0.772969223	0.898125243	0.311701539	0.607488287	0.935433308	0.441981708	0.392132732	0.631561417
N-acetyl-D-tryptophan	0.660481163	0.683438773	0.310822383	0.38431036	0.848615537	0.521004715	0.989730631	0.601600497	0.908796027	0.861400964	0.119182622	0.985413997	0.091871509
n-acetyl-d-hexosamine	0.826593559	0.84404744	0.337593756	0.353273136	0.393195297	0.121162548	0.537711903	0.507438218	0.602717747	0.511317119	0.898345141	0.840145485	0.244391369
myristic acid	0.982417226	0.544155181	0.35732507	0.797086429	0.340263526	0.711828982	0.867797619	0.704227532	0.640607069	0.095586341	0.816216909	0.84409775	0.668430078
myo-inositol	0.074300093	0.066898901	0.88181547	0.444189972	0.70282739	0.842677139	0.666801749	0.480797821	0.060423477	0.41292549	0.150817682	0.746142762	0.917054912
methionine sulfoxide	0.394437499	0.750811497	0.673890718	0.921680715	0.894891958	0.004503063	0.629953912	0.771420281	0.098818793	0.622855769	0.420820856	0.936516993	0.846231199
methionine	0.849886627	0.099967926	0.689587563	0.166745081	0.342169479	0.134725086	0.713024194	0.642055471	0.224447622	0.033726341	0.743602643	0.025286454	0.033191796
methanolphosphate	0.757203229	0.767090797	0.346254708	0.352040622	0.634544704	0.232296778	0.08557142	0.362166466	0.639202952	0.844962546	0.767751615	0.874610394	0.98052833
mannose	0.100965251	0.736270137	0.891805675	0.588904488	0.195432563	0.174868573	0.843734827	0.989778724	0.13757016	0.235919407	0.716134518	0.80352442	0.215980917
mannonic acid NIST	0.934396302	0.959344819	0.10464158	0.733286052	0.890036723	0.337764176	0.216032385	0.216833186	0.459909672	0.534494001	0.250352655	0.065374122	0.182117816
mannitol	0.944624881	0.168939323	0.014965987	0.013637935	0.408154793	0.440105611	0.542857703	0.593211929	0.118617618	0.36228863	0.91803981	0.226813611	0.781190483
malonic acid	0.904446018	0.53537001	0.824007817	0.896197746	0.175754091	0.794623665	0.210094978	0.189109649	0.383530034	0.191892814	0.135573181	0.738760933	0.143016949
malic acid	0.505449631	0.754021926	0.901983238	0.298072824	0.825651204	0.749979665	0.723227202	0.690742227	0.995285752	0.995766815	0.406611882	0.680229957	0.792854012
lyxose	0.695850013	0.728873998	0.675075966	0.882403253	0.581584618	0.02111265	0.596940731	0.380197096	0.245580457	0.21227986	0.732203747	0.049478242	0.503741648
lyxitol	0.778986784	0.103950855	0.122626838	0.728689118	0.479298257	0.454771919	0.842677861	0.528204862	0.326747666	0.306313935	0.426825688	0.563172992	0.975606382
lysine	0.898442799	0.763697168	0.17613942	0.953574917	0.905918767	0.778066928	0.443351497	0.141710233	0.867851241	0.858867475	0.501444206	0.228756993	0.165547925
linolenic acid	0.006845141	0.199711592	0.558286776	0.007386937	0.177005823	0.439644006	0.761625923	0.59459917	0.67980423	0.633292805	0.602352219	0.930031832	0.730236525
linoleic acid	0.234997788	0.597610074	0.296584068	0.067047268	0.459651705	0.798475057	0.308235522	0.267536892	0.696511651	0.182405737	0.804170339	0.932259268	0.481076613
leucine	0.532521604	0.245453046	0.943331187	0.211246379	0.043161129	0.388422217	0.54077956	0.258305191	0.840534965	0.713084197	0.035021158	0.703301377	0.589406151
lauric acid	0.608714474	0.37236895	0.031608722	0.179727869	0.854317028	0.563343008	0.686463137	0.529137574	0.187921868	0.781726172	0.744714216	0.003994579	0.227576113
lactulose	0.069281908	0.98142522	0.836568789	0.632919371	0.678500533	0.514753366	0.216541074	0.528911122	0.192051183	0.685672133	0.016427584	0.978192253	0.942532907
lactic acid	0.983573843	0.398727733	0.850648797	0.316952215	0.725337621	0.484915435	0.390982887	0.240873299	0.295413485	0.237810299	0.101533148	0.327161547	0.805716756
lactamide	0.515445461	0.034205653	0.758899026	0.549682837	0.772845562	0.268163436	0.854137987	0.727203827	0.903502763	0.08098818	0.449110658	0.193635435	0.073035773
kynurenine	0.061656871	0.691165803	0.265650234	0.588002184	0.954691837	0.694197977	0.240196778	0.04550015	0.812425984	0.859636012	0.604843949	0.090736792	0.528229265
itaconic acid	0.643834864	0.494644454	0.749125801	0.804411502	0.880507071	0.844277849	0.807359001	0.732684211	0.863592356	0.742725661	0.633823899	0.37538228	0.183787244
isothreonic acid	0.445300915	0.527778051	0.944353118	0.375796593	0.387108312	0.985108096	0.61027086	0.588354244	0.735646777	0.950242733	0.292359488	0.330386947	0.007014774
isothreitol	0.882085262	0.502462148	0.487103172	0.524550538	0.760710761	0.550615855	0.123797176	0.239419771	0.978786283	0.204048127	0.757280749	0.71872024	0.109656164
isoleucine	0.178742401	0.93121944	0.135353138	0.185157774	0.036646793	0.237983262	0.480996066	0.745895544	0.469089478	0.722567992	0.233266844	0.129529921	0.710967005
isohexonic acid	0.02702572	0.05840866	0.718285775	0.30429833	0.069099911	0.398274276	0.370937455	0.275928746	0.845544463	0.411278558	0.124373016	0.371875591	0.87832011
isocitric acid	0.673297561	0.985968337	0.876081851	0.210499808	0.030506834	0.220706787	0.854064945	0.789740909	0.349592823	0.842762565	0.622060128	0.511174194	0.960206511
inosine	0.308072573	0.568237768	0.327667464	0.840316702	0.623508731	0.491862112	0.776497309	0.795663178	0.787687468	0.00054909	0.036249149	0.513609432	0.175490221
indoxyl sulfate	0.977836309	0.407681337	0.170119317	0.459230879	0.911531343	0.548022585	0.94857056	0.505020032	0.472013179	0.340358749	0.276867471	0.268109182	0.562930332
indole-3-lactate	0.11660076	0.610008044	0.45753536	0.336975051	0.918800323	0.52449063	0.771319241	0.057335744	0.59932239	0.441960547	0.095781562	0.814632783	0.981271605
indole-3-acetate	0.772647432	0.926069766	0.258733466	0.959053471	0.362798588	0.362587027	0.104952029	0.782809858	0.950130939	0.375700653	0.321849067	0.300594474	0.151846426
hydroxylamine	0.287033465	0.936467101	0.19090509	0.297058157	0.495058313	0.681747611	0.601213071	0.805961155	0.879707551	0.806106703	0.227849989	0.571142818	0.922589812
hydroxycarbamate NIST	0.806498103	0.489611656	0.750782709	0.511933076	0.365921455	0.604368514	0.745814544	0.980064509	0.451274252	0.285121631	0.638434804	0.95679408	0.09615814
hydrocinnamic acid	0.960892895	0.656963116	0.619435319	0.550730946	0.037861842	0.696078277	0.25076786	0.978529363	0.91412015	0.870240305	0.043549018	0.552368682	0.954475983
histidine	0.478658424	0.636066039	0.333326435	0.396138444	0.613888207	0.111407963	0.743957851	0.4173319	0.784804025	0.033025773	0.281780708	0.162853455	0.081411742
hexuronic acid	0.077392142	0.587289981	0.784154473	0.643458745	0.285461171	0.4355363	0.38473703	0.599673683	0.601928227	0.981208758	0.590888331	0.716346906	0.657096344
hexose	0.374339822	0.361107351	0.327157149	0.480160659	0.528000713	0.667095691	0.675753359	0.116615317	0.408786008	0.174791443	0.692335716	0.852273524	0.302554492
hexitol	0.128077594	0.096753594	0.129380912	0.566136864	0.62928514	0.216598872	0.642296219	0.193384353	0.628083137	0.8169081	0.751143186	0.106682874	0.780196417
hexadecane	0.558652581	0.339161712	0.636989084	0.565873956	0.839977091	0.726206323	0.932951845	0.437771281	0.812534588	0.739934189	0.29641396	0.633974854	0.866972155
heptadecanoic acid	0.934619433	0.935391919	0.197657053	0.613549828	0.582687834	0.410044472	0.947352376	0.703692063	0.942175273	0.357444073	0.886875775	0.80077091	0.371689209
glycyl proline	0.416348233	0.64674936	0.283013075	0.054576887	0.243971486	0.332955914	0.69906938	0.14468047	0.073789098	0.706651291	0.054586271	0.724789958	0.91730884
glycolic acid	0.216901816	0.104439379	0.359686812	0.562546155	0.196948073	0.373834633	0.985892167	0.357887921	0.732371954	0.160567267	0.641835822	0.147039943	0.691405508
glycine	0.058097072	0.935172073	0.946737975	0.874570975	0.941726291	0.777231371	0.062941717	0.35733348	0.962359053	0.798816953	0.464005786	0.088108926	0.591904146
glycerol-alpha-phosphate	0.354357694	0.099220196	0.291123764	0.652082882	0.99083193	0.324711646	0.534286129	0.644511532	0.909120156	0.005376843	0.05183283	0.570909377	0.679050441
glycerol	0.706109602	0.544864604	0.585120441	0.205748502	0.70863916	0.729309531	0.240879373	0.098469863	0.571304201	0.876398732	0.229628277	0.19111623	0.466889696
glyceric acid	0.723524736	0.544204916	0.857570592	0.072830403	0.381051335	0.779880075	0.128742179	0.801611504	0.948453849	0.76181604	0.818804582	0.7234635	0.670877684
glutaric acid	0.93197896	0.417231674	0.593512889	0.561408068	0.865873338	0.332483634	0.934662236	0.722916856	0.63825468	0.963205713	0.274973599	0.888214698	0.545612057
glutamine	0.101115338	0.543198196	0.561519525	0.360337581	0.89294696	0.76591612	0.161009393	0.324647908	0.55158488	0.354092861	0.161387788	0.150728888	0.538664749
glutamic acid	0.144299937	0.801962411	0.805849452	0.94449834	0.779658174	0.904153581	0.169433682	0.336307555	0.174766758	0.555982722	0.383674681	0.026288728	0.673121936
glucose-6-phosphate	0.37113466	0.274376193	0.737015277	0.064939466	0.826049298	0.033321178	0.755010165	0.350696222	0.324115276	0.246358061	0.189660777	0.526590207	0.900653353
glucose-1-phosphate	0.539417322	0.586279652	0.375939272	0.839301958	0.689866196	0.042340935	0.505365827	0.537303894	0.548499684	0.87096263	0.3698573	0.465205249	0.892877594
glucose	0.922550994	0.109413679	0.062053511	0.969115564	0.500273939	0.17323786	0.434514029	0.92557856	0.403548785	0.377959902	0.748443579	0.546662412	0.745656302
gluconic acid	0.097070548	0.020465845	0.041658296	0.050494534	0.172005679	0.914675186	0.247585551	0.887760062	0.612675895	0.768346711	0.903250826	0.795630227	0.274128873
glucoheptulose	0.739855787	0.799750772	0.567871259	0.029119438	0.77369325	0.618439615	0.428024938	0.883578286	0.650529563	0.315820953	0.281260662	0.796176985	0.83354991
galacturonic acid	0.143729197	0.947213373	0.212965273	0.643250077	0.458981371	0.718013098	0.40619213	0.847023558	0.621026729	0.002865873	0.155961739	0.869097865	0.204215576
galactonic acid	0.303094929	0.062016163	0.008216033	0.949761298	0.847705608	0.398568828	0.868045526	0.449015004	0.249574593	0.594873629	0.605662819	0.376801454	0.083541036
fumaric acid	0.476982116	0.643705369	0.729330721	0.498304575	0.870973855	0.456675031	0.693591729	0.924774123	0.758558945	0.79744942	0.090967414	0.221409153	0.49593728
fucose	0.360626483	0.59385584	0.247329553	0.142563061	0.978096071	0.885867926	0.389828394	0.15125955	0.474393628	0.69338603	0.97036983	0.593609713	0.464218574
fructose	0.606712724	0.578892313	0.763324668	0.726415131	0.405436587	0.993415339	0.139932284	0.875114868	0.871240174	0.337770593	0.804900119	0.540865068	0.261381987
ethanolamine	0.275426698	0.590216599	0.539243614	0.401057172	0.421376033	0.441019642	0.197663448	0.571649122	0.325541955	0.655251317	0.391016419	0.894261063	0.209401265
docosahexaenoic acid	0.645238442	0.185318628	0.093950597	0.146221183	0.89043452	0.589706152	0.476073954	0.296609429	0.306079115	0.420710949	0.647981975	0.641679124	0.042405054
deoxypentitol	0.133795325	0.758487456	0.576378123	0.786146524	0.05832123	0.761444577	0.399474915	0.496116169	0.422267355	0.786237632	0.717510877	0.069388014	0.351480355
dehydroascorbic acid	0.617045801	0.098181447	0.634585667	0.90315843	0.983031039	0.99502124	0.412561297	0.103733558	0.392393697	0.465262027	0.565128371	0.155963857	0.654792863
cystine	0.534739145	0.640644131	0.009164415	0.707202499	0.341347607	0.246402204	0.22118069	0.026458674	0.46581017	0.03828446	0.34297097	0.457326571	0.995903736
cysteine	0.421266503	0.868160557	0.27633491	0.912184199	0.601381272	0.06472068	0.159347077	0.232159992	0.997673457	0.328658264	0.383813835	0.053001445	0.637463632
creatinine	0.600834364	0.837230967	0.535462037	0.051267648	0.133166849	0.398016983	0.842183884	0.6270817	0.731330469	0.258829288	0.999896103	0.332195333	0.697186428
conduritol-beta-expoxide	0.282583696	0.620775945	0.486456893	0.913397027	0.715867197	0.916121109	0.201435994	0.578787878	0.462429441	0.466565035	0.324122067	0.175741045	0.2169164
citrulline	0.554586983	0.588751617	0.156723057	0.83492208	0.414390112	0.872221232	0.75140436	0.678888949	0.369229319	0.978527245	0.44055882	0.089946134	0.670957467
citric acid	0.678393865	0.583434531	0.105509519	0.346507993	0.334801456	0.591473711	0.982707074	0.656849387	0.923495911	0.836787502	0.847101639	0.46071801	0.46011515
cis-gondoic acid	0.028926611	0.876024987	0.623253849	0.115716086	0.229661041	0.740893059	0.088596501	0.154021431	0.278135545	0.304743056	0.983473344	0.01311143	0.984148776
cholic acid	0.79463691	0.12869199	0.047686905	0.184534626	0.285154176	0.474153633	0.250499977	0.18032374	0.297077949	0.850691286	0.910222766	0.744481752	0.844820889
cholesterol	0.368242315	0.91596729	0.537582717	0.347133755	0.982081521	0.192997652	0.058906949	0.065107282	0.885768098	0.31790075	0.681804489	0.423352115	0.785130414
capric acid	0.067850728	0.792803452	0.603621436	0.042319185	0.310421523	0.911232817	0.682905463	0.098220527	0.478773399	0.962132299	0.232454542	0.341306891	0.961869378
butane-2,3-diol NIST	0.67839862	0.919454308	0.308979149	0.490656426	0.728016357	0.979173633	0.544490651	0.838834333	0.169020337	0.505296292	0.727647222	0.563920306	0.821019287
benzylalcohol	0.808948473	0.624387198	0.670218408	0.343064554	0.36760281	0.315677373	0.630466843	0.566084124	0.644468391	0.619472132	0.502347162	0.622284476	0.508494957
benzoic acid	0.258134846	0.319080898	0.819096428	0.485875889	0.043452474	0.983276679	0.456724394	0.081943188	0.842182326	0.870164589	0.908665661	0.307289588	0.117057584
behenic acid	0.612029424	0.702472113	0.452739987	0.048200219	0.450364395	0.564072831	0.306065891	0.011192741	0.596517696	0.383379921	0.137455319	0.627835499	0.062215228
aspartic acid	0.487821455	0.560828721	0.038841079	0.083787056	0.162022417	0.535404187	0.832523687	0.731316706	0.467818715	0.015747403	0.39752613	0.539042485	0.58195647
asparagine	0.933407768	0.682519009	0.443367672	0.66076436	0.278453184	0.785114544	0.223158914	0.068768978	0.822544392	0.355415296	0.993564656	0.76592094	0.732644479
arachidonic acid	0.171711623	0.776717826	0.912542961	0.826227666	0.420709597	0.218541568	0.328231949	0.973294152	0.485754023	0.258996018	0.485450372	0.346995208	0.186715561
arachidic acid	0.290010682	0.623969704	0.641968092	0.33057941	0.266919487	0.895061817	0.854626705	0.284742832	0.892322965	0.620453693	0.018419175	0.264141635	0.80432115
arabinose	0.259719769	0.350364231	0.499818046	0.721019993	0.795262808	0.199429039	0.090593376	0.585474375	0.234682986	0.554852983	0.492940727	0.614895283	0.06903871
aminomalonate	0.004410058	0.010832355	0.0654745	0.203844701	0.754295751	0.223066735	0.78733224	0.295208696	0.076172695	0.583211002	0.431101625	0.598697781	0.867955276
alpha-ketoglutarate	0.550444792	0.88423342	0.573067302	0.965760693	0.753599712	0.358499261	0.602641211	0.082305225	0.847941554	0.558357607	0.44107365	0.886897251	0.865376989
alpha-aminoadipic acid	0.860868806	0.538503568	0.635873143	0.926138087	0.993800593	0.259138824	0.051922681	0.156653381	0.582492485	0.435103158	0.098760822	0.499717454	0.738493928
allantoic acid	0.316551273	0.255325696	0.705580149	0.178910392	0.834423193	0.5074041	0.220786122	0.028224653	0.170206759	0.927349108	0.260903021	0.293108311	0.167950798
alanine	0.052290266	0.407596497	0.310422485	0.45457349	0.301514076	0.339993898	0.346203083	0.396129536	0.565439581	0.765295479	0.558385458	0.986856859	0.387363185
adipic acid	0.950385756	0.643800165	0.055929667	0.230844409	0.410538708	0.795655702	0.980679655	0.657978664	0.958273087	0.099280123	0.92233271	0.234767718	0.529757312
aconitic acid	0.827367058	0.844673999	0.2212607	0.637976019	0.094668083	0.824874734	0.4879128	0.382749833	0.771982341	0.583939961	0.923986896	0.515964875	0.031559264
acetophenone NIST	0.100910618	0.514240544	0.13132189	0.13479591	0.029272985	0.123129659	0.560579934	0.193154675	0.677129665	0.449270557	0.852734237	0.9671722	0.144297995
5-methoxytryptamine	0.353710003	0.698220549	0.257443107	0.552071621	0.481990134	0.949363776	0.409587057	0.170845476	0.434454203	0.289624099	0.149750723	0.51005391	0.261370745
5-hydroxy-3-indoleacetic acid	0.03935784	0.936971243	0.355425235	0.396544565	0.708533344	0.648321973	0.535008617	0.266368457	0.326226823	0.869958575	0.867334738	0.602983207	0.229683506
4-hydroxyphenylacetic acid	0.293713652	0.13174376	0.167167412	0.513241353	0.547229516	0.643086045	0.044928135	0.965528239	0.962333448	0.301712336	0.813282485	0.834329293	0.082352255
3-phosphoglycerate	0.286526629	0.413686106	0.335786243	0.328760803	0.051196211	0.518085213	0.508561354	0.721197604	0.126022374	0.259335028	0.285029677	0.508692906	0.616900005
3-hydroxyphenylacetic acid	0.408500168	0.516489769	0.556770073	0.59794556	0.590693432	0.366670405	0.862898227	0.90885951	0.294845839	0.192190517	0.505255672	0.029722395	0.116236385
3-hydroxybutyric acid	0.924163173	0.487724027	0.374304434	0.683585474	0.872031172	0.949484657	0.761315103	0.57525291	0.412387098	0.753756939	0.279966597	0.094521456	0.438689599
3-hydroxy-3-methylglutaric acid	0.145571038	0.510991453	0.832916559	0.43789122	0.667731879	0.954185979	0.818091397	0.835962175	0.080990979	0.629319542	0.943699832	0.531193855	0.231964769
2-monoolein	0.270056542	0.966991686	0.787129269	0.772119597	0.452289015	0.752004339	0.733564721	0.469968712	0.479400017	0.435663766	0.068031579	0.485863689	0.981415024
2-ketoisocaproic acid	0.817025429	0.206013974	0.777090988	0.772317875	0.25857995	0.745670318	0.872772943	0.244360293	0.691548501	0.375472517	0.558976771	0.179234456	0.310416184
2-hydroxyvaleric acid	0.870206604	0.940746826	0.696769604	0.916647622	0.542853048	0.911989292	0.770832667	0.432316978	0.719108694	0.869720891	0.122684242	0.072242403	0.673865304
2-hydroxyglutaric acid	0.607977269	0.339408952	0.470432427	0.178736024	0.562559522	0.82394246	0.785277213	0.454609624	0.45284092	0.312075844	0.927565039	0.166731805	0.033593717
2-hydroxybutanoic acid	0.205684633	0.610650543	0.396223668	0.612704075	0.50523352	0.570771209	0.000270784	0.289905762	0.829066221	0.628729366	0.118685658	0.229201915	0.377324348
2-deoxytetronic acid	0.206039725	0.059911431	0.946718759	0.387248136	0.9161946	0.880805581	0.266313143	0.733251137	0.048823121	0.652042363	0.794554594	0.167680031	0.625716671
2-deoxypentitol NIST	0.361950555	0.62682371	0.136672768	0.460509581	0.515181234	0.145569615	0.39548181	0.959241479	0.707607278	0.300448134	0.231057014	0.496513203	0.947735556
2,5-dihydroxypyrazine NIST	0.287972874	0.514731865	0.646026042	0.969018139	0.583356514	0.905630663	0.261405739	0.70094759	0.665483503	0.690187463	0.649658976	0.073194461	0.897668816
2,3-dihydroxybutanoic acid NIST	0.085561813	0.388733511	0.56588519	0.989971069	0.652764067	0.319546498	0.703768376	0.081539534	0.201647247	0.870934244	0.712725322	0.806064279	0.457658696
1-monopalmitin	0.867853362	0.114910634	0.843224804	0.768419796	0.796309933	0.988426069	0.512329303	0.124931357	0.125973847	0.62598287	0.088076512	0.510382796	0.822115322
1-monoolein	0.874128525	0.099481657	0.996978226	0.78586313	0.318623997	0.063687026	0.976629764	0.411648975	0.130663218	0.532412725	0.186454231	0.426935138	0.685763703
1-methylgalactose NIST	0.581157841	0.54143701	0.453518855	0.970813578	0.170948504	0.768714356	0.408108108	0.387309714	0.959840423	0.121017503	0.19500335	0.387475116	0.058772017
1-methyladenosine	0.89624823	0.839064236	0.884127845	0.366872124	0.335588941	0.523036785	0.915239453	0.321759217	0.236824891	0.938042563	0.744617951	0.221972673	0.310253029
1,2-cyclohexanedione	0.820509841	0.018268507	0.157826854	0.741402446	0.976698768	0.86814488	0.808286372	0.033406077	0.284147801	0.12372554	0.34728813	0.331260281	0.036941059
203805	0.566105762	0.179188008	0.74344458	0.193437735	0.613049093	0.785046449	0.19227685	0.015300168	0.58606564	0.160428688	0.71445258	0.689498445	0.773422661
203801	0.460964226	0.060857441	0.854214257	0.16833997	0.035070981	0.600686712	0.210164454	0.133213255	0.288371536	0.981739659	0.617550319	0.667315868	0.451083319
199109	0.974415819	0.021068514	0.365488043	0.597161636	0.862504547	0.31943258	0.02277586	0.77704891	0.390741635	0.486239138	0.901158548	0.107909817	0.416237619
192876	0.736133573	0.73478411	0.670169761	0.901444246	0.44013731	0.001273371	0.039250787	0.253827366	0.69849379	0.429263871	0.647493358	0.520279906	0.717717666
192874	0.844154982	0.355888081	0.277697794	0.917586905	0.441590701	0.51955754	0.710647189	0.530333142	0.624476209	0.026163668	0.036422959	0.395263413	0.37031952
191801	0.892890831	0.445681433	0.650942804	0.659329873	0.209183415	0.680841006	0.775731695	0.808025371	0.635991949	0.681346266	0.083085477	0.532394277	0.790657345
191799	0.337665415	0.307162592	0.749997504	0.673460463	0.764256692	0.418484316	0.473238821	0.164669863	0.630416098	0.137496399	0.566290189	0.611549107	0.485160047
191798	0.835695952	0.618286163	0.374623952	0.012539364	0.672855441	0.397074491	0.234842443	0.106841819	0.984166307	0.541509394	0.607326691	0.009552239	0.028072443
189382	0.397782505	0.066828344	0.821569425	0.354763851	0.104554832	0.436869033	0.547680258	0.437009258	0.495132301	0.368032412	0.856437903	0.818176217	0.342268437
189321	0.24442865	0.055131607	0.828975292	0.375964093	0.815845151	0.521976792	0.093992736	0.601556547	0.676581889	0.469907677	0.061777952	0.245781529	0.913815144
188569	0.320140844	0.321536658	0.928533176	0.45939607	0.639984028	0.323339071	0.208230181	0.09707885	0.946629016	0.711060634	0.660330614	0.982675806	0.181429613
187854	0.787578933	0.11931636	0.060310745	0.016766164	0.804563286	0.25611503	0.350635444	0.351443236	0.328175617	0.126060576	0.238427215	0.910732651	0.102673629
183433	0.991011154	0.595396515	0.608690351	0.29128166	0.503761443	0.080709863	0.215879515	0.968477809	0.081607514	0.110468881	0.006811161	0.441373095	0.555719459
183216	0.29205838	0.04933747	0.026241162	0.330274557	0.521771516	0.058650977	0.918759206	0.844903776	0.32062495	0.555121788	0.284454643	0.978850596	0.180936374
183184	0.242908522	0.292682064	0.240741953	0.909820375	0.450231782	0.659399096	0.0509451	0.909450418	0.630817079	0.909883071	0.256872048	0.280881173	0.127278758
183139	0.110929689	0.244920808	0.911734854	0.369173931	0.92246459	0.07307755	0.580532781	0.080320698	0.031529496	0.233091194	0.459209424	0.194672222	0.497467758
183106	0.319326694	0.194191627	0.649494658	0.817037111	0.171723176	0.172354766	0.828555405	0.321282333	0.245232599	0.57604635	0.680365431	0.625135027	0.30777827
183055	0.977702662	0.552836865	0.022646621	0.93825077	0.869790777	0.830390676	0.272906057	0.470011971	0.756043761	0.479677664	0.249677364	0.762492649	0.945802843
171564	0.684000913	0.199548117	0.89098071	0.350405	0.585444192	0.914958258	0.691737003	0.403080945	0.759167402	0.888634994	0.717616118	0.045019471	0.101517351
171305	0.041199978	0.928448383	0.033796477	0.353535124	0.635327051	0.591618547	0.445557318	0.923130644	0.389889088	0.419119238	0.856487084	0.005491648	0.934311787
171303	0.634721693	0.539396937	0.116919509	0.268462593	0.574062586	0.665742128	0.617944119	0.12078341	0.496793529	0.597661275	0.522767959	0.816572319	0.876312706
170512	0.77564695	0.609963646	0.107554776	0.317216246	0.825909156	0.375974348	0.131223765	0.827775673	0.998678762	0.225112832	0.154851441	0.408490291	0.40751074
170232	0.783290839	0.122797319	0.614445261	0.856364854	0.476650565	0.497178021	0.889528699	0.420409712	0.475342212	0.811035193	0.924436337	0.283808013	0.873538541
170131	0.551203488	0.388316098	0.693340985	0.120702709	0.669458942	0.735930969	0.546408101	0.82482247	0.384819027	0.244605573	0.689929436	0.915828252	0.656981256
170105	0.031862894	0.02121264	0.335060695	0.380814181	0.50857692	0.549515924	0.3768888	0.461343096	0.116949719	0.884690622	0.384597801	0.494305349	0.079565242
170069	0.954391063	0.329784461	0.789065695	0.132290895	0.70153812	0.870859711	0.323964711	0.653621965	0.697572356	0.181111	0.945312512	0.589035768	0.735068066
167348	0.451643597	0.756267269	0.874558609	0.246860058	0.088989832	0.097539954	0.840432735	0.940317125	0.17634411	0.669688406	0.709774993	0.236972371	0.648184519
161878	0.614235808	0.793288758	0.495606701	0.170560558	0.718158426	0.991229114	0.882776513	0.91746373	0.706323741	0.505517472	0.708080527	0.146621905	0.791960861
161875	0.579433579	0.221478472	0.820419706	0.941156375	0.090808758	0.102541639	0.096371702	0.385493053	0.761732141	0.593305296	0.640737181	0.01263627	0.477056317
161843	0.006991611	0.024471057	0.378388502	0.474779046	0.802984948	0.439044874	0.518020782	0.419466472	0.291351862	0.417786071	0.476781501	0.684539088	0.600932396
161398	0.828924757	0.716252918	0.484445174	0.513953164	0.711547583	0.576020381	0.683687461	0.783342444	0.41571843	0.054278287	0.160856065	0.742738817	0.575343136
161381	0.340997059	0.704664576	0.556211513	0.948691495	0.170562183	0.641152709	0.921330776	0.788114839	0.945979471	0.404365419	0.999183509	0.93600805	0.174543076
161341	0.642134257	0.104726951	0.244998556	0.489418051	0.37911177	0.74879023	0.882610301	0.46774163	0.78320815	0.919320276	0.916943345	0.647791856	0.838885451
135619	0.984902624	0.784232252	0.232672115	0.513683057	0.783895546	0.616916331	0.465466388	0.512013097	0.133680696	0.72991003	0.683293476	0.501908879	0.670020363
135260	0.714510809	0.004108642	0.799210056	0.415921904	0.196176973	0.902957379	0.110438519	0.347221602	0.50330512	0.490448379	0.539763039	0.656968584	0.103969921
134336	0.050654406	0.404813051	0.627189909	0.512358667	0.628942842	0.178093854	0.635973843	0.234761704	0.924137905	0.315571384	0.28226153	0.628776674	0.475319114
133923	0.247807889	0.163073343	0.159111154	0.660287547	0.608990286	0.346316057	0.982989101	0.456722834	0.202585667	0.375611986	0.126261148	0.05173802	0.409345405
133605	0.86813896	0.294115649	0.022682833	0.320968029	0.816735645	0.044550874	0.560760417	0.281547693	0.623603398	0.90034866	0.168957305	0.432982274	0.474475156
133434	0.696170941	0.454843419	0.018684601	0.688446755	0.763577705	0.101358621	0.609811885	0.404533676	0.726022319	0.685312444	0.562926621	0.814119135	0.116757544
133242	0.396480281	0.366118151	0.302226438	0.27913473	0.128603395	0.482324752	0.28157913	0.878238092	0.256878786	0.780156506	0.680980479	0.240242025	0.000128543
133026	0.992714491	0.679868686	0.095997254	0.901007886	0.794391525	0.45265062	0.659426901	0.854727525	0.08827605	0.931096142	0.339744437	0.186891052	0.572211229
132976	0.885373129	0.932788485	0.965725203	0.071995286	0.666802083	0.243324933	0.739735425	0.855977172	0.949263828	0.617180295	0.350635213	0.637232227	0.133673062
132105	0.007002923	0.24593324	0.152623715	0.468494473	0.875517006	0.500366763	0.936888374	0.485842903	0.731014236	0.22655572	0.52606263	0.512017347	0.198833682
131960	0.436160754	0.700881829	0.384205472	0.180066018	0.340445839	0.807557565	0.207179359	0.253169892	0.28548303	0.485796185	0.272006554	0.023333329	0.137431428
131620	0.991842375	0.612285348	0.132897389	0.662781568	0.109765651	0.382257679	0.782451174	0.940584644	0.801442243	0.658784513	0.101867663	0.109844713	0.797021925
131582	0.535456099	0.652541612	0.528856109	0.085817299	0.284592533	0.105052186	0.261392124	0.506493081	0.897007972	0.793625037	0.189320874	0.602577866	0.988792946
129059	0.241999311	0.868535515	0.371162249	0.209960082	0.604020538	0.488178193	0.569086346	0.728684518	0.910681673	0.514615283	0.757514771	0.630890243	0.885619703
127640	0.29222884	0.553643082	0.743187726	0.02509259	0.858088852	0.241780462	0.592691671	0.220283387	0.26817931	0.885639141	0.656249651	0.766031016	0.356481535
127451	0.517296823	0.752708837	0.741649176	0.980087862	0.867022104	0.846086275	0.261996859	0.039039398	0.772890253	0.404207608	0.279271808	0.17783017	0.533189751
126465	0.797927475	0.480360404	0.020122826	0.374941092	0.456734714	0.059575952	0.291363537	0.498063779	0.847074514	0.282197501	0.328507946	0.489194063	0.346360113
126423	0.976170048	0.860489975	0.552951397	0.127731185	0.452915606	0.732671989	0.628583112	0.215963414	0.073079752	0.877063221	0.038691757	0.38751634	0.697295667
126350	0.370090972	0.756707126	0.967152665	0.191005073	0.836174114	0.967636656	0.256383404	0.53822515	0.635756124	0.486920231	0.226256975	0.27663396	0.527348861
125960	0.189709805	0.562567141	0.559033354	0.033410218	0.075552772	0.304117411	0.557532654	0.073410178	0.110965935	0.17100445	0.459884929	0.456741884	0.859447732
125802	0.230510275	0.015541996	0.593849027	0.351484041	0.240108189	0.069401024	0.666615407	0.413389216	0.249973564	0.265231253	0.745488646	0.337120621	0.887832121
125452	0.000475124	0.812285467	0.324872291	0.853827749	0.063107945	0.022243241	0.077275441	0.944284242	0.688298677	0.487204218	0.906783407	0.863304853	0.521854213
124996	0.62604978	0.174411012	0.194380055	0.601242483	0.611404819	0.272989323	0.436130223	0.197655957	0.437193965	0.46808243	0.415222274	0.615099879	0.918569761
124903	0.881165653	0.347332444	0.43545508	0.659070808	0.298536473	0.68973071	0.139468932	0.104603914	0.39854147	0.266414719	0.305684587	0.923183869	0.583321234
124490	0.197963083	0.330151775	0.637167174	0.327232217	0.376859608	0.724340241	0.259239233	0.889332383	0.155962723	0.43545983	0.886942349	0.244439592	0.18052217
124454	0.05874604	0.971316198	0.883295815	0.754961528	0.194390529	0.571267252	0.657682867	0.483486005	0.643952335	0.348008327	0.716567837	0.794677237	0.736783334
124353	0.331156698	0.681290591	0.948979998	0.428612529	0.478254831	0.567869535	0.549677271	0.201482889	0.078053983	0.870261287	0.209557011	0.826238023	0.557830652
123989	0.632458999	0.457403886	0.445133276	0.731526795	0.534631504	0.42655643	0.881214148	0.597578494	0.823734178	0.485192593	0.559465502	0.585450358	0.378240645
122191	0.301157463	0.689820935	0.736303571	0.913393176	0.66358856	0.883211795	0.901739573	0.000297903	0.078013198	0.834685301	0.858627518	0.759724814	0.894015569
122151	0.746106325	0.448477957	0.39217723	0.41968903	0.865503445	0.863350271	0.274132216	0.45249702	0.512406883	0.282620437	0.582469201	0.259019174	0.53742563
121890	0.636012287	0.736552802	0.243946672	0.957374258	0.956332292	0.062619702	0.84712096	0.198160369	0.4257142	0.452699624	0.047964984	0.401365835	0.209452326
121402	0.001883993	0.111204078	0.528214899	0.870409992	0.209762823	0.245072761	0.92292764	0.642588864	0.889163882	0.63879276	0.343352532	0.74729854	0.255292571
121384	0.850920947	0.604885663	0.576375502	0.849236431	0.228006722	0.750490911	0.489413091	0.812409751	0.572609907	0.563519366	0.432633937	0.990586992	0.416546137
121002	0.376421499	0.833733007	0.971656246	0.240573881	0.475698702	0.539797175	0.681540681	0.369870094	0.921993011	0.456516999	0.024714746	0.246715791	0.037788099
120582	0.207234275	0.305705624	0.363338769	0.783275765	0.263031989	0.930416619	0.306774955	0.812281899	0.712233657	0.423071954	0.422106485	0.944920473	0.274529299
120562	0.008681349	0.19289771	0.996348005	0.807768233	0.417210228	0.212711724	0.874082079	0.496476313	0.222263788	0.523258912	0.206455358	0.86337534	0.458453549
120526	0.991753794	0.247928378	0.547256019	0.874391035	0.938687877	0.580679277	0.275979267	0.256775169	0.326533034	0.463831701	0.282166846	0.547926743	0.219209528
119167	0.04207612	0.009586662	0.009788037	0.079764408	0.869239501	0.792111298	0.296348174	0.170764609	0.336335456	0.986945652	0.098044492	0.835613102	0.913426941
119129	0.704114177	0.416000598	0.475004866	0.221920446	0.176940146	0.754951821	0.158907704	0.296720338	0.586122475	0.981799579	0.430940429	0.771195192	0.949483463
119054	0.936987145	0.610974197	0.763936915	0.726455811	0.395787256	0.305922336	0.217725739	0.356274568	0.003666414	0.520234874	0.691426245	0.964402291	0.112504824
119026	0.449113195	0.134561596	0.092312117	0.180751091	0.852816825	0.436105532	0.852809561	0.410135136	0.737597817	0.96150189	0.576718249	0.451084448	0.621080982
119023	0.974213293	0.483140081	0.999804263	0.638753291	0.756889375	0.493361673	0.882255951	0.418763459	0.962638557	0.844088461	0.623703657	0.348364501	0.763611951
117195	0.539430003	0.924592401	0.106141098	0.98273335	0.336765548	0.959935576	0.541906767	0.955602316	0.551128741	0.030746189	0.379529342	0.064638401	0.121764549
117043	0.269505529	0.989829241	0.927610826	0.42360077	0.911448186	0.362510871	0.914708588	0.712429971	0.012699639	0.210307077	0.470475977	0.569914892	0.056898498
117024	0.255758849	0.802460735	0.512830067	0.484812906	0.569135889	0.115443109	0.392908334	0.112953153	0.037036319	0.74787717	0.325817338	0.363636039	0.354311971
113510	0.679214492	0.063811961	0.586637611	0.302972763	0.706867277	0.218166278	0.289246855	0.336701354	0.65418956	0.64756934	0.241473529	0.881784511	0.228988556
112556	0.919311573	0.215398692	0.412950642	0.876890386	0.872821374	0.330001599	0.993974083	0.459000551	0.076719114	0.683456872	0.257762286	0.72337473	0.523270958
112487	0.872263341	0.439323396	0.801971396	0.313674537	0.639404459	0.582847079	0.088904413	0.267368202	0.83366505	0.789148138	0.913528484	0.190170883	0.608400239
111821	0.224365939	0.176763362	0.773594592	0.028324989	0.134435779	0.617231337	0.294578818	0.409707533	0.901786434	0.973970711	0.54209597	0.440224321	0.618271047
110889	0.098211642	0.760412881	0.195238699	0.181437882	0.616986326	0.354024867	0.01084583	0.464163048	0.822026819	0.725595719	0.46759622	0.099046004	0.534180505
110647	0.428107746	0.136633681	0.073513114	0.66532925	0.844859604	0.723351251	0.988738199	0.545823689	0.602344764	0.489850215	0.982682737	0.545830928	0.483686741
110612	0.416069978	0.096003248	0.998482204	0.820350898	0.813708263	0.638374357	0.165287582	0.400773384	0.157677632	0.337763985	0.288739423	0.349987538	0.421726558
110570	0.360945874	0.694363956	0.068202177	0.903301693	0.979424113	0.73508105	0.822726875	0.027914491	0.956071097	0.42174708	0.534424053	0.004791302	0.169169375
110501	0.446190745	0.390847494	0.254455007	0.761725256	0.414897424	0.775788244	0.472061346	0.234634479	0.726395753	0.37689608	0.665276038	0.415543982	0.551845311
110183	0.986555797	0.339758427	0.808067378	0.92070701	0.375950325	0.706148748	0.850891205	0.102966194	0.23963086	0.089524344	0.60681106	0.837048108	0.369184451
110182	0.9174926	0.639820902	0.074439116	0.413388182	0.438397738	0.748862267	0.662843835	0.21019343	0.570609435	0.064561055	0.99022447	0.815645027	0.86901707
110170	0.512112349	0.234014225	0.023736672	0.706997948	0.118263093	0.381360665	0.41811837	0.802654982	0.372814149	0.101353067	0.507894406	0.874230596	0.701502408
110013	0.052666082	0.696202649	0.310600671	0.0334624	0.095710483	0.254084145	0.723966552	0.518406108	0.86231594	0.743958794	0.996107807	0.113180276	0.735793884
110008	0.704071827	0.693493515	0.334886654	0.00578975	0.294935952	0.951293357	0.585875548	0.624484983	0.453090231	0.980647271	0.15327753	0.501182985	0.86969061
109625	0.262648845	0.193570035	0.081810641	0.554044138	0.212637889	0.66777508	0.849483069	0.382534444	0.55459181	0.217045492	0.107483761	0.328271891	0.443116785
109397	0.302287967	0.853868637	0.962742978	0.621148922	0.399810683	0.711540752	0.702765282	0.370838007	0.047877244	0.695044462	0.558063757	0.967683378	0.180378619
109386	0.082306759	0.208737568	0.288630486	0.181669246	0.201746529	0.463621532	0.827876647	0.261985938	0.172106858	0.237246264	0.429177139	0.041926655	0.790527443
109383	0.052070006	0.455139064	0.461623661	0.641897777	0.461852202	0.077190912	0.484272555	0.911628784	0.270041626	0.795369261	0.709000066	0.585167208	0.092431115
107960	0.318755862	0.507243519	0.215296622	0.821093357	0.84511795	0.164271718	0.515872401	0.538473459	0.73534692	0.880323952	0.383951506	0.442390502	0.506613023
107890	0.639548537	0.334907413	0.131403759	0.311161371	0.800671305	0.595331569	0.861970938	0.277402627	0.398149019	0.702262262	0.314135054	0.291650607	0.953231599
107882	0.160546045	0.680476782	0.653809928	0.986558681	0.44109216	0.142168636	0.210406797	0.230914568	0.572716749	0.41556908	0.43714647	0.32607716	0.311643064
107466	0.770018675	0.022103407	0.565357154	0.099630549	0.765595094	0.262720701	0.274807911	0.56521443	0.985655321	0.504840096	0.254059207	0.139880163	0.526832379
106936	0.080549181	0.840888654	0.71990532	0.837657626	0.105815656	0.834226539	0.697652471	0.098837766	0.563801366	0.4854538	0.785314827	0.3265085	0.620254994
106900	0.214401438	0.554752511	0.033733308	0.792019536	0.8879781	0.158961275	0.011522389	0.056932859	0.473481525	0.861905206	0.781898464	0.094330042	0.520933075
106629	0.123259975	0.046091925	0.648915201	0.953451842	0.967353835	0.030004657	0.379082033	0.0502367	0.552384959	0.604107719	0.284994038	0.160698024	0.7280104
106482	0.128829799	0.833817536	0.690077928	0.677961584	0.964617248	0.280739688	0.71921104	0.784087295	0.282572991	0.798780247	0.591423699	0.769787183	0.256625284
106344	0.231963234	0.818151742	0.470112108	0.47996012	0.863364819	0.089036924	0.584758242	0.336001299	0.654847002	0.758353054	0.087687958	0.244972805	0.396366474
105379	0.046224667	0.942769985	0.996773471	0.048207893	0.541769233	0.127725313	0.417823512	0.903013044	0.231972632	0.726026152	0.626529018	0.488651263	0.082303486
104362	0.236035003	0.826373724	0.78280801	0.603795091	0.060997972	0.498624387	0.296949207	0.40175603	0.700319155	0.553330636	0.158113992	0.429983911	0.634461064
103886	0.559739994	0.579401262	0.340371961	0.904572258	0.950751927	0.269319746	0.541679096	0.233482324	0.648212828	0.744001459	0.340549163	0.648460455	0.024337933
103837	0.080468318	0.335000469	0.802279401	0.831808128	0.842172936	0.695823992	0.342237532	0.672017475	0.288064043	0.507279364	0.496479897	0.849461912	0.325188928
103102	0.619765245	0.826241297	0.044092572	0.062168451	0.311449763	0.989718299	0.141837116	0.013727022	0.855542441	0.727948734	0.902610247	0.530752665	0.207980116
102733	0.250308432	0.342439599	0.106278263	0.104850463	0.435202742	0.230824991	0.138845854	0.393655915	0.510753104	0.902975516	0.033108655	0.58665147	0.440538961
102624	0.370890447	0.661960416	0.50364647	0.300515956	0.099605073	0.313718178	0.474252636	0.069695022	0.024051943	0.630281498	0.45396088	0.873808253	0.998250929
102601	0.936997564	0.485101503	0.338965191	0.809894708	0.907434458	0.129096942	0.776548203	0.987962322	0.165367404	0.392802464	0.896918483	0.666152239	0.168834116
101299	0.240340345	0.853142468	0.798847247	0.378185095	0.339330437	0.328382669	0.599965563	0.16131984	0.542254407	0.731306542	0.277362741	0.198894145	0.163436399
100912	0.529790802	0.014768458	0.55470907	0.735349855	0.835483649	0.330199717	0.682938381	0.186056361	0.517078025	0.295907854	0.968721074	0.323699755	0.92005196
100876	0.860802395	0.070599867	0.781694561	0.407090886	0.468742718	0.912279241	0.916089481	0.590627517	0.911865568	0.440745718	0.722074937	0.122489828	0.822655781
99868	0.254884819	0.16563759	0.830301355	0.968663488	0.515092794	0.564996022	0.741288008	0.754479779	0.291995162	0.681714157	0.18563297	0.55875466	0.993077994
98027	0.071397753	0.105253485	0.198117737	0.446529616	0.311041956	0.522946919	0.663467701	0.667227011	0.965836324	0.31402966	0.130537132	0.428441634	0.855616115
97455	0.007140975	0.007919604	0.948362693	0.591920183	0.962001467	0.428258509	0.770153463	0.200711064	0.866478804	0.376139094	0.404380268	0.907459514	0.284174558
95440	0.99539119	0.384878281	0.705355151	0.215199123	0.921994535	0.604133061	0.585605722	0.957370576	0.751445223	0.033051689	0.343907212	0.574786178	0.313744373
95438	0.639623799	0.383868119	0.349564908	0.296056252	0.218998128	0.528081794	0.979345497	0.883567769	0.336800257	0.073511906	0.826874578	0.064476951	0.448161878
91421	0.433193157	0.74947753	0.198892718	0.841937914	0.250741674	0.233293958	0.000931866	0.954678113	0.926483711	0.977224358	0.558030065	0.532714012	0.607026718
87808	0.424637998	0.225786431	0.467650697	0.877049772	0.709437524	0.680666034	0.583445266	0.175181276	0.570225446	0.334360495	0.7465129	0.413642786	0.785369319
87713	0.525677025	0.540756125	0.337865563	0.201386021	0.478486442	0.187993593	0.876779813	0.282440632	0.618589825	0.903532391	0.056952796	0.128996451	0.191593192
87710	0.771493234	0.674976909	0.545048619	0.451612436	0.358036282	0.165870228	0.248912751	0.586089845	0.222993251	0.773404522	0.157485995	0.162486167	0.501447896
87284	0.025316958	0.298311654	0.523468419	0.473509324	0.475847743	0.036931685	0.201316406	0.371599504	0.826706465	0.847406132	0.616630592	0.89940329	0.752130027
85199	0.570160388	0.651828947	0.718652459	0.714897938	0.527119238	0.854072859	0.612509455	0.389624636	0.00558571	0.769414485	0.625846232	0.019843009	0.210924624
84682	0.949160154	0.123043227	0.231594712	0.573361526	0.406747303	0.937130046	0.414689052	0.010310549	0.56479946	0.653476283	0.819767694	0.878753954	0.262305614
84390	0.091104669	0.067559797	0.11033411	0.50366099	0.697836052	0.370214669	0.88704756	0.593397682	0.036332679	0.121007831	0.634931766	0.242511065	0.600779326
84209	0.796378793	0.936445794	0.979031569	0.154252783	0.734919631	0.664594773	0.037879825	0.648791944	0.905353747	0.718853971	0.985050307	0.350358942	0.003916008
84116	0.997563498	0.156803037	0.750914386	0.025322218	0.382864862	0.55734375	0.855332037	0.833552199	0.945240497	0.059828047	0.554965886	0.682309235	0.609421337
84088	0.389915073	0.376369637	0.672801726	0.229751846	0.750644847	0.008486808	0.939337938	0.679546655	0.469213731	0.125405963	0.41267302	0.854698132	0.424880004
66261	0.573773059	0.731123599	0.447636533	0.754011257	0.081731589	0.586914611	0.801776019	0.058984474	0.443208791	0.152788732	0.018080215	0.880170816	0.307295314
66256	0.878268891	0.795849349	0.927488594	0.469377558	0.70764774	0.252007735	0.418519186	0.079708079	0.62804687	0.794465798	0.285836252	0.848856483	0.528864937
64546	0.610384782	0.840195651	0.306034002	0.984854649	0.664629172	0.901389692	0.34692981	0.078682216	0.671360767	0.224198629	0.936440544	0.827906405	0.059117246
54642	0.232718641	0.434439089	0.399245199	0.322483584	0.956436023	0.504722301	0.682228532	0.715906775	0.374280417	0.811744386	0.44374759	0.869106247	0.666357425
53748	0.521283054	0.405678697	0.750423007	0.889597014	0.761859917	0.280687803	0.43149277	0.45334488	0.876268863	0.871905558	0.676749169	0.413570327	0.099135717
50367	0.501614298	0.311096321	0.898018035	0.105241059	0.932243698	0.538837184	0.037074566	0.755543803	0.919402949	0.21720361	0.737139715	0.220865343	0.372342468
49426	0.456556484	0.229277093	0.524591998	0.330035417	0.174937805	0.501093135	0.173807504	0.386692958	0.726600941	0.517791654	0.535972297	0.875702816	0.290446221
48419	0.609690962	0.481868394	0.395506006	0.593681568	0.03146431	0.735776621	0.786935453	0.377367625	0.553497423	0.146912704	0.937420015	0.552134758	0.507987981
46346	0.432533274	0.44231202	0.740940847	0.960070566	0.031440879	0.841464556	0.687005531	0.257807466	0.602611071	0.303611433	0.479048477	0.048283192	0.717995972
46292	0.207687643	0.407550358	0.987452359	0.32954822	0.167184993	0.293590888	0.487762624	0.634859082	0.367936603	0.100921427	0.577414269	0.319611254	0.091334671
46131	0.555020061	0.904137034	0.1889373	0.276738853	0.126822388	0.064181887	0.594984944	0.359753985	0.927346991	0.648275854	0.059197522	0.369622713	0.944099316
46128	0.119579537	0.720936027	0.015135788	0.943843462	0.66491562	0.51466312	0.474013585	0.379040044	0.441560811	0.123039268	0.109700624	0.365795562	0.461840393
45378	0.30598669	0.021774388	0.854675237	0.932095489	0.447035337	0.462582672	0.566468997	0.803415832	0.565889557	0.883441683	0.58555127	0.333598821	0.938548871
43100	0.44707082	0.005447483	0.337468687	0.060605646	0.361205078	0.550727578	0.854098161	0.770628879	0.870141577	0.411922756	0.207731183	0.367773021	0.623662438
42003	0.15910088	0.886950642	0.76444489	0.584657121	0.481246884	0.603641054	0.757887935	0.853158441	0.167005939	0.404619378	0.977118946	0.687854253	0.272168511
41989	0.089987391	0.541401292	0.290957176	0.807968308	0.623447006	0.008609515	0.139367149	0.986281946	0.801209709	0.876216625	0.285137208	0.930021041	0.732381196
41811	0.059923586	0.357414193	0.626317811	0.629936767	0.8552984	0.267670665	0.353029811	0.618581895	0.946228972	0.578295434	0.21547797	0.447183538	0.809316937
41683	0.131206362	0.241469129	0.389720041	0.866126513	0.045103551	0.769433467	0.030675819	0.497281124	0.769952636	0.306398168	0.733843209	0.955697319	0.79808745
41682	0.091539455	0.430247483	0.369680513	0.850752521	0.107434737	0.227414144	0.837284586	0.316718225	0.820254263	0.692985668	0.657822871	0.608074244	0.108432657
34126	0.179496397	0.232543516	0.933999956	0.908528862	0.962610272	0.174530972	0.457225004	0.917537011	0.141785317	0.287445998	0.871497312	0.998661994	0.009487813
34110	0.502919861	0.148749608	0.604949324	0.491149955	0.514967223	0.435692708	0.643893394	0.141732202	0.756767426	0.085910405	0.02861836	0.659461121	0.157609047
34089	0.130151118	0.509766689	0.288706718	0.708233332	0.944410554	0.578580024	0.807006078	0.005450156	0.101098557	0.933560175	0.507024509	0.965556065	0.877189054
34085	0.335729636	0.257890089	0.624096422	0.282895202	0.880632429	0.939499474	0.823971574	0.284760209	0.970684332	0.237848437	0.154869864	0.531901108	0.627748529
34028	0.666246065	0.514449109	0.33872133	0.244639931	0.199955892	0.095458835	0.954427523	0.154982041	0.079003682	0.559734005	0.748651064	0.378589097	0.737975071
33997	0.538329894	0.752093251	0.097502596	0.805734438	0.406847643	0.822039189	0.023744948	0.966485958	0.249588269	0.27640043	0.922087753	0.111288896	0.655516906
33401	0.123939581	0.583855747	0.432554173	0.64011161	0.532974395	0.148422882	0.293654323	0.47906792	0.078941258	0.507471261	0.247276528	0.083691025	0.708074493
33006	0.363725533	0.534108079	0.66548692	0.857941535	0.976369715	0.263523241	0.714473237	0.306882057	0.523062305	0.034902133	0.170125627	0.061603271	0.598747329
32528	0.883252726	0.448728813	0.693964903	0.667809162	0.707081	0.100537629	0.390912119	0.962499418	0.050724339	0.093885487	0.617032821	0.630694903	0.78236655
32247	0.896924741	0.432127067	0.992203678	0.389095366	0.90635037	0.589866033	0.635574232	0.449104432	0.170825973	0.480472916	0.838471422	0.427260625	0.359515751
31960	0.370835179	0.496768041	0.902643471	0.375830192	0.181957154	0.402360922	0.294626424	0.901901735	0.209540219	0.608444465	0.894988048	0.71923656	0.622054374
31756	0.733838279	0.880243914	0.50638164	0.615420017	0.096978158	0.161948184	0.635367219	0.377648078	0.278963588	0.856768298	0.543683985	0.664663496	0.950648663
31695	0.862133076	0.873342938	0.641221867	0.384594659	0.714946302	0.736403859	0.181760739	0.850542145	0.803179169	0.443996169	0.305323166	0.970464639	0.020127704
31688	0.881370462	0.090549154	0.919108739	0.024638183	0.59801379	0.47064815	0.458626185	0.79699678	0.638021378	0.760801099	0.813199964	0.428619142	0.99166085
31664	0.84587724	0.872758009	0.318498635	0.978644978	0.735738178	0.30301409	0.053909224	0.751757035	0.527389872	0.591864354	0.047149741	0.503054693	0.493022103
31599	0.377128154	0.58665505	0.70695172	0.845981939	0.815987761	0.033490461	0.327506592	0.3317266	0.104823396	0.039250359	0.34482704	0.695271248	0.608601621
31556	0.316679322	0.701127997	0.060578902	0.758165646	0.602615569	0.3922801	0.084626439	0.461160085	0.33673692	0.381157581	0.639270886	0.530947624	0.678699644
31408	0.331921364	0.608723234	0.540148487	0.756670597	0.834705214	0.883847058	0.267330302	0.456370149	0.307408799	0.384044164	0.020895177	0.196441496	0.895427555
31359	0.337654941	0.985525516	0.857271697	0.749281842	0.921797136	0.779650076	0.299660499	0.57971035	0.469828455	0.751740945	0.894257623	0.87142657	0.782094003
31357	0.959197953	0.066486898	0.65413065	0.387144642	0.669340174	0.851983707	0.4395339	0.955434315	0.873382529	0.207214492	0.282662784	0.249879906	0.992567582
31285	0.639215884	0.833343017	0.867642169	0.836807018	0.062737016	0.435720804	0.866674824	0.802214639	0.47567746	0.633924548	0.343696067	0.446172949	0.46255322
31223	0.756150222	0.159553304	0.446049508	0.184623105	0.941232569	0.471298675	0.721501403	0.387828907	0.828410072	0.393795392	0.767499048	0.969733308	0.025634846
31169	0.440006002	0.879166049	0.06874327	0.312710265	0.769702967	0.472059415	0.689235966	0.99012875	0.790489919	0.419142975	0.757208521	0.564456643	0.857546803
25321	0.946668192	0.322722458	0.802757058	0.579857961	0.540434793	0.762647746	0.504668043	0.041854584	0.767061188	0.474724437	0.056082509	0.709540468	0.452385079
23635	0.086309604	0.680961674	0.171574185	0.812614817	0.67895855	0.004284194	0.774320389	0.549122974	0.282531354	0.814377043	0.851550702	0.846044497	0.656653947
23001	0.830652672	0.806039417	0.853870823	0.059338994	0.462123973	0.515287507	0.114033984	0.499377921	0.086102943	0.412446138	0.977186127	0.920167867	0.9658033
22885	0.962732087	0.470044445	0.828909199	0.267473299	0.002975797	0.169709132	0.222187143	0.0613116	0.625283111	0.356906948	0.426568686	0.906688327	0.219509444
22735	0.460244294	0.518367263	0.50163549	0.308083236	0.314351108	0.651875186	0.432975299	0.146438333	0.594721439	0.31546634	0.515597185	0.562400277	0.367497341
22444	0.699135882	0.077530587	0.301551386	0.066124571	0.825998371	0.186933886	0.95063516	0.094192544	0.536569451	0.35074049	0.667138596	0.749383858	0.679710861
21802	0.39076983	0.339890234	0.881111887	0.420313167	0.611617101	0.922188666	0.728629248	0.271686713	0.347424729	0.576768605	0.75272953	0.60959125	0.626560831
21683	0.924718996	0.330245051	0.421748216	0.848427159	0.935283906	0.856794277	0.349327807	0.584398335	0.851105665	0.591408305	0.167235266	0.642535002	0.610178274
20903	0.837844412	0.757213291	0.998484313	0.794758215	0.662870074	0.163834339	0.046861427	0.222826065	0.416918371	0.650560587	0.494080022	0.070177787	0.80568406
18082	0.076630692	0.25282708	0.540578241	0.327483517	0.14509993	0.793985694	0.122197227	0.531655157	0.158999639	0.61871442	0.963552906	0.127540528	0.659571911
18002	0.548775183	0.632588967	0.780033174	0.9487877	0.686018871	0.983836997	0.988081918	0.667260893	0.826920471	0.619610885	0.18457887	0.741384231	0.54549483
17664	0.251520575	0.508347338	0.580910277	0.177257831	0.531240214	0.384624419	0.779990018	0.98183451	0.894932372	0.443709365	0.137537807	0.70934694	0.545508558
17651	0.72705028	0.848140844	0.93451192	0.321454565	0.43482155	0.770829686	0.869806157	0.035755065	0.247612416	0.1238423	0.771787669	0.758084536	0.248198783
17463	0.464338933	0.958390249	0.128696285	0.352518645	0.95800712	0.471364832	0.499966256	0.430810226	0.875701492	0.2632304	0.172778894	0.389155146	0.314122741
17144	0.630504408	0.430440963	0.226269836	0.205651585	0.216879418	0.268328277	0.476076846	0.826128037	0.160141137	0.043092409	0.804886904	0.958426235	0.169299472
17076	0.543752917	0.773548799	0.165444132	0.698858023	0.319336323	0.591952398	0.402539229	0.076713354	0.822596225	0.094040543	0.096291174	0.890682116	0.301285973
17068	0.95858794	0.103476777	0.282601984	0.104405224	0.05112804	0.553447542	0.434233671	0.33518039	0.682915277	0.664239507	0.877464843	0.485132345	0.279716965
16947	0.536658888	0.926488909	0.71059982	0.100692274	0.121584308	0.534347992	0.696562873	0.524726056	0.39346567	0.700128866	0.914485773	0.781701167	0.317896443
16809	0.814065868	0.155312956	0.78068204	0.903109315	0.858776504	0.924482054	0.769170658	0.679968351	0.429232127	0.451585922	0.713043957	0.881555534	0.536469722
16794	0.043142201	0.685117342	0.62581923	0.309107706	0.108351745	0.990461664	0.208985489	0.85073712	0.99754758	0.002701118	0.510038442	0.250089861	0.850967164
16788	0.360535804	0.257134336	0.868499833	0.237725663	0.828059438	0.396188133	0.235044631	0.577412708	0.509815563	0.586473308	0.474711739	0.432655923	0.51924114
16572	0.416263197	0.682044283	0.412242674	0.560507607	0.082208563	0.90329581	0.23381653	0.41806897	0.310559663	0.761122117	0.041137595	0.252402304	0.580391767
16561	0.557862682	0.033426871	0.856231412	0.242066002	0.502439693	0.457066941	0.881619504	0.965333459	0.76332045	0.780427318	0.105219007	0.959307154	0.415159364
14736	0.475809212	0.872375321	0.713223064	0.109539257	0.818094459	0.564845686	0.327581222	0.81352145	0.527977922	0.013925773	0.446412763	0.503615751	0.433748579
12444	0.047828425	0.836963903	0.682343025	0.173554223	0.890478286	0.555512919	0.917269108	0.37316291	0.575865957	0.448856708	0.502300449	0.105906753	0.966674306
12087	0.813365066	0.920918365	0.653972167	0.954577303	0.936588189	0.241224764	0.101756198	0.847156993	0.780471159	0.627513197	0.544177778	0.878051734	0.399036787
11841	0.682152476	0.341911315	0.838974082	0.625759144	0.479097801	0.690911236	0.857235749	0.00818486	0.122258758	0.880019821	0.724494961	0.343524103	0.959513124
11731	0.691744155	0.551648699	0.775849556	0.425463497	0.993175945	0.815953615	0.208762929	0.959485613	0.470518131	0.758165416	0.277543921	0.208321986	0.302022092
11481	0.858159231	0.460893835	0.642502099	0.611738324	0.478288438	0.390352907	0.025673848	0.327277175	0.363410378	0.171495027	0.154879925	0.05223618	0.851936898
11353	0.993751231	0.866808008	0.326881861	0.358080209	0.32138085	0.854368212	0.327948041	0.294568295	0.622091393	0.207995954	0.334929578	0.837785629	0.92574129
10176	0.456064916	0.495543827	0.467688119	0.494116165	0.197870095	0.856935045	0.828808232	0.741766459	0.814490266	0.738467542	0.545711379	0.827540886	0.336311738
8270	0.558704668	0.945133995	0.825883958	0.829011821	0.601253011	0.116630394	0.966901533	0.823901169	0.112214919	0.170353324	0.294939299	0.006271399	0.586603204
7490	0.405364248	0.845896862	0.842212811	0.774520451	0.735519626	0.16391962	0.740733011	0.250706329	0.353521453	0.997612414	0.794564762	0.915677965	0.135718436
7458	0.96911365	0.59548825	0.17303965	0.059887482	0.297396215	0.700983616	0.231587869	0.49160501	0.611949309	0.23865735	0.69705308	0.286451269	0.022342398
7444	0.868480131	0.933844721	0.818373842	0.807376547	0.894262186	0.136250692	0.351530099	0.822931967	0.690034313	0.185276449	0.594534411	0.742297186	0.277510751
7053	0.84981365	0.695903451	0.464766569	0.880219098	0.85496815	0.078310917	0.98231149	0.232227436	0.24111561	0.361986203	0.367535416	0.349520306	0.640334523
6646	0.314610884	0.974760636	0.182817601	0.413162497	0.508176181	0.068384637	0.139774909	0.397559477	0.132580754	0.515520645	0.228796578	0.670749193	0.745603017
6376	0.431378358	0.321721016	0.017814526	0.674737375	0.709035316	0.758193228	0.003596925	0.3430856	0.234447979	0.097531887	0.77405812	0.146679817	0.890210489
6324	0.305296612	0.790192471	0.740223377	0.432508808	0.906896992	0.285271213	0.569882004	0.734246899	0.221051389	0.17253579	0.101984662	0.461491349	0.138705613
6050	0.456932978	0.866762749	0.482489867	0.074356115	0.183852932	0.911539336	0.516807609	0.062347146	0.888358007	0.394573018	0.176995499	0.443345847	0.999198825
5990	0.619114777	0.869909112	0.012864164	0.739544745	0.885794988	0.142969943	0.918206684	0.08234807	0.119515376	0.297776873	0.166664367	0.082696456	0.421177899
5930	0.936093375	0.47632593	0.561845846	0.612809086	0.611969483	0.31507101	0.591657692	0.91285775	0.290714637	0.375537649	0.298950068	0.240652012	0.955117325
5900	0.453298477	0.088883707	0.173687915	0.771791114	0.227048644	0.36937357	0.215588251	0.105885705	0.609012542	0.520187381	0.960221385	0.552846675	0.773381201
5691	0.835778268	0.779495993	0.511895585	0.146128564	0.5871928	0.296234531	0.181349724	0.139708118	0.6581288	0.99972733	0.501752215	0.036316744	0.789500105
5471	0.168633159	0.652723989	0.173160503	0.281691289	0.687455602	0.062558557	0.104139095	0.280195738	0.842307575	0.23448187	0.509374001	0.613190801	0.000145944
5346	0.878749967	0.036031975	0.778669271	0.697654493	0.260761386	0.430808845	0.290745495	0.711692445	0.861006884	0.715299414	0.64353563	0.583736105	0.940371112
5121	0.746615429	0.132442553	0.833432787	0.712215284	0.234700467	0.094801513	0.92525965	0.888017928	0.27227552	0.040452794	0.827328675	0.563840792	0.440001437
5085	0.644197635	0.825741281	0.09436645	0.719266562	0.615283366	0.309441833	0.580930789	0.605210113	0.460146216	0.664578852	0.743978351	0.362112011	0.5347812
4945	0.499289486	0.228087508	0.900630597	0.923099574	0.113055314	0.63431686	0.00209195	0.004932182	0.311926977	0.651300166	0.299893967	0.191724853	0.6452429
4937	0.556226757	0.140135282	0.88728897	0.355023187	0.771172496	0.800199103	0.26018825	0.905108584	0.107620395	0.300304314	0.889633055	0.608225842	0.434232059
4929	0.41722399	0.783305111	0.72204933	0.851197537	0.637469699	0.297713814	0.624975259	0.141696768	0.633495332	0.103147381	0.826221932	0.547595762	0.76002531
4746	0.345936609	0.807926781	0.463034161	0.572477141	0.83503319	0.577998444	0.425426006	0.431276238	0.639681481	0.0366538	0.919195387	0.908323024	0.086063546
4744	0.815964848	0.155282834	0.797599835	0.574928873	0.538481994	0.007236143	0.500079729	0.974244842	0.428686194	0.417399943	0.800217338	0.700334983	0.5119986
4723	0.425069211	0.472702179	0.660664434	0.954306572	0.3300784	0.172070403	0.487432752	0.984787862	0.069961106	0.158539579	0.92952069	0.150897695	0.80024991
4721	0.159161563	0.208422233	0.320077478	0.16202337	0.939325775	0.527945193	0.346920017	0.121418887	0.880911817	0.29674255	0.974208873	0.748266937	0.747178635
4603	0.883167555	0.119810663	0.244269492	0.107137116	0.605323015	0.901510691	0.510692597	0.818477024	0.106827195	0.373699955	0.012670572	0.625498455	0.737971958
4559	0.359104146	0.783921829	0.156072639	0.690270567	0.742274094	0.089539058	0.851845544	0.150816422	0.420366825	0.939273628	0.663214224	0.015339355	0.754042055
4550	0.549135487	0.748376807	0.39521227	0.13230514	0.247234213	0.632591988	0.709513164	0.224667104	0.947580095	0.064142415	0.819994803	0.26331972	0.262916411
4546	0.431883536	0.454181046	0.028423977	0.612900036	0.978257195	0.775222743	0.608316625	0.817429013	0.011163411	0.335761737	0.722615288	0.354949116	0.641385954
4543	0.76521738	0.265173132	0.33941183	0.755006733	0.698332147	0.574221007	0.02993981	0.737041882	0.008104518	0.071001402	0.501193964	0.066857432	0.237876383
4531	0.779037332	0.248051619	0.965679171	0.565805611	0.162050495	0.035497454	0.714679966	0.219721271	0.832533609	0.273783449	0.781241679	0.325793469	0.795956068
4529	0.239466308	0.894627844	0.763886972	0.917798722	0.327943289	0.749615497	0.110115169	0.694864442	0.601930068	0.091710515	0.732041262	0.206908076	0.422631358
4292	0.301161621	0.555937218	0.79226265	0.946651816	0.564598948	0.204738966	0.322854035	0.791523076	0.747161615	0.059526798	0.62487111	0.656135164	0.208179763
4219	0.123449909	0.933096466	0.630826154	0.746016245	0.039922376	0.346625606	0.841971952	0.017399592	0.95307391	0.443588529	0.585455248	0.916327024	0.368261157
3582	0.517161041	0.053574911	0.765795977	0.462235434	0.339343772	0.664459019	0.311268962	0.044118703	0.326770407	0.848692682	0.65668196	0.687277493	0.85651698
3465	0.524369525	0.016863234	0.797812142	0.059607932	0.163492198	0.640190951	0.392249907	0.617767038	0.503722763	0.533580663	0.348865019	0.16147213	0.732426508
3248	0.392670273	0.691978821	0.500322838	0.464284086	0.924396495	0.566432199	0.82374858	0.690420293	0.225118302	0.464056416	0.481749419	0.886341338	0.894126193
3228	0.635348631	0.781031597	0.276721459	0.993993507	0.749853812	0.94155551	0.523658252	0.515194974	0.803255262	0.989400191	0.010297136	0.734174424	0.881741348
3200	0.102287758	0.604404803	0.838975162	0.019793534	0.940675614	0.43190203	0.233091427	0.069267885	0.766498799	0.198436771	0.438757575	0.596719639	0.52023888
3143	0.676855458	0.228114878	0.130792101	0.200476357	0.304532541	0.323217189	0.774045701	0.299742086	0.227231759	0.772769033	0.007272069	0.368529918	0.756872067
3029	0.278460559	0.831257842	0.37802976	0.072673754	0.078074459	0.716931726	0.984074319	0.377425468	0.099798302	0.030195837	0.489993221	0.259326527	0.102986514
2936	0.885947717	0.645252317	0.728426077	0.43772948	0.026801728	0.866424496	0.943135908	0.006603739	0.386925608	0.665645051	0.872565079	0.621982185	0.421261857
2900	0.28769301	0.587750853	0.712021885	0.229505794	0.118637934	0.536226423	0.652715779	0.828576338	0.778660634	0.467767526	0.395278758	0.463288751	0.057183317
2476	0.74131564	0.593420206	0.639332393	0.742910044	0.107216216	0.963691737	0.22635728	0.964817224	0.98224116	0.650264403	0.388708813	0.956768784	0.107839315
2439	0.680141112	0.544339712	0.374795098	0.585852057	0.945248528	0.851091493	0.7402171	0.33949832	0.065527653	0.003481241	0.669377624	0.063239566	0.530636068
2438	0.732367901	0.755407051	0.393514602	0.036406856	0.793171211	0.925855373	0.157462879	0.344191767	0.912588405	0.361009221	0.222573695	0.979190207	0.011592806
2061	0.33205942	0.617918715	0.551067651	0.14747248	0.578382192	0.715135835	0.069204699	0.120890035	0.646407494	0.003027538	0.731143355	0.302115176	0.236185442
2039	0.802260533	0.503160897	0.231043329	0.733693475	0.630057002	0.264094869	0.461173177	0.296472361	0.348351121	0.693025317	0.183833912	0.993557997	0.793487184
2001	0.231823406	0.785654062	0.426328545	0.944533621	0.342855306	0.853854108	0.133968514	0.771056621	0.344650256	0.255456873	0.295552362	0.663747917	0.025467422
1996	0.037006913	0.053882082	0.622610118	0.247309646	0.404985168	0.791938595	0.332968822	0.711045834	0.241575963	0.742136202	0.469334135	0.806537908	0.314881108
1981	0.022887834	0.260782321	0.00466947	0.303231453	0.276634512	0.424924938	0.413101231	0.685986911	0.791746139	0.522702243	0.591198893	0.813454254	0.852406995
1941	0.745753271	0.925704395	0.164533052	0.83610836	0.828004954	0.434813739	0.865839013	0.548917153	0.105084791	0.100814647	0.698109151	0.696025139	0.186772155
1925	0.283015915	0.232577119	0.670784293	0.304959334	0.900733951	0.293264271	0.428668028	0.104218218	0.402981157	0.548002266	0.30746515	0.066922883	0.30903151
1922	0.052455959	0.485040002	0.769848659	0.835434337	0.8655375	0.593566639	0.485098927	0.130700569	0.934133622	0.92930978	0.508481649	0.015376085	0.843675697
1912	0.21395489	0.688235226	0.357192759	0.001060733	0.015047039	0.092784721	0.775003743	0.415215112	0.569056283	0.923360753	0.915590419	0.16394416	0.480839542
1878	0.456417088	0.846989395	0.395452957	0.83375345	0.527235465	0.166081566	0.107902688	0.667242962	0.476914882	0.098027786	0.616821109	0.745695298	0.437604787
1875	0.54294077	0.661036102	0.069741373	0.46913647	0.43076191	0.388772311	0.613151105	0.635665976	0.608345036	0.837683569	0.487399255	0.857516791	0.004535271
1872	0.43577001	0.926518338	0.978895171	0.868832235	0.130218189	0.694624688	0.677318628	0.568825764	0.973210892	0.693013622	0.840755889	0.491727313	0.695137632
1862	0.601977361	0.452244209	0.522423946	0.444298387	0.124901994	0.040410711	0.834704057	0.623945215	0.823170654	0.05293569	0.33483827	0.243284479	0.652654423
1806	0.58029218	0.025577806	0.565060442	0.49373429	0.929595256	0.825927863	0.104875286	0.521443898	0.601626473	0.32302823	0.189952697	0.923871514	0.158494678
1772	0.257090095	0.781871026	0.895293675	0.8628511	0.449635448	0.290154365	0.437925661	0.845201664	0.441161679	0.86046566	0.037380123	0.71223141	0.257958142
1708	0.990925258	0.036287282	0.447840043	0.140142682	0.580871333	0.932060582	0.898752355	0.482776034	0.788309966	0.919662336	0.932747036	0.795477768	0.711104586
1706	0.707808673	0.860348576	0.441343007	0.749896523	0.446068249	0.200978616	0.013719882	0.414253255	0.279789419	0.376274743	0.462421979	0.046340518	0.244645679
1704	0.958680945	0.41182101	0.224011473	0.723853522	0.898903051	0.728827757	0.986688628	0.59723698	0.230508821	0.649631065	0.736439577	0.61845567	0.718189856
1064	0.404839002	0.401001045	0.076848236	0.61646931	0.837336363	0.525306893	0.748082252	0.49870582	0.131410591	0.49335516	0.882760756	0.863248539	0.085427487
1029	0.131010304	0.132895075	0.337030815	0.093645118	0.124005107	0.790935536	0.125874268	0.441759104	0.354857056	0.588967034	0.894372546	0.461041914	0.835489611
892	0.141612321	0.904438762	0.033855262	0.691604758	0.36516036	0.369667012	0.741707699	0.338524218	0.459489763	0.425896498	0.74207913	0.180017376	0.45507376
816	0.439535079	0.858178989	0.563779803	0.850764991	0.012615865	0.695448604	0.870814403	0.196818978	0.903844751	0.259626954	0.176468249	0.242333354	0.262815345
812	0.735945822	0.186173367	0.717409003	0.93247551	0.503480993	0.425106817	0.188979106	0.473963614	0.70089568	0.74201377	0.93498567	0.443481308	0.912200934
782	0.691795559	0.026352007	0.157266223	0.179963061	0.875447133	0.582771024	0.835234368	0.148689736	0.01935424	0.16393598	0.162082758	0.819583177	0.750843683
657	0.817380664	0.332240072	0.434270167	0.269956167	0.80732402	0.579946326	0.982362372	0.439162899	0.291279918	0.628049362	0.167132396	0.730886056	0.615922642
573	0.487827146	0.417147958	0.998235618	0.901698354	0.65854158	0.733283754	0.671457011	0.076695929	0.166161201	0.342125605	0.81820967	0.137454871	0.877979762
458	0.250477259	0.489997573	0.721998608	0.815051063	0.092416466	0.57604798	0.684999785	0.572458299	0.100908414	0.516729002	0.31585316	0.445477875	0.089403449
453	0.407382378	0.834951553	0.416263109	0.181374909	0.498742819	0.320307159	0.727081178	0.710319083	0.338342567	0.022365454	0.387699616	0.304212581	0.565984654
448	0.411263653	0.610347126	0.272278998	0.466244625	0.120123032	0.980624293	0.854601787	0.953749701	0.742652449	0.728752888	0.922597866	0.94715781	0.465743955
443	0.18927696	0.680489228	0.199007175	0.113580292	0.828145701	0.199358963	0.043264179	0.306810098	0.092889371	0.187960765	0.160889248	0.761488432	0.400456956
307	0.429488422	0.343714476	0.40331797	0.75259398	0.930348459	0.145159004	0.697598446	0.324764313	0.546691993	0.79767976	0.11466506	0.469484601	0.039893792
299	0.016688971	0.773907209	0.284325761	0.421029088	0.634476796	0.435187153	0.07150598	0.27855442	0.112451737	0.273925	0.319195904	0.311858284	0.501890571
236	0.805176211	0.789867595	0.3848119	0.3807279	0.542203509	0.511259153	0.813755206	0.570998343	0.204245685	0.844457355	0.690282008	0.198336194	0.5499224
168	0.155009633	0.169113923	0.754495737	0.227939525	0.2009522	0.938895536	0.709542714	0.396616703	0.292656497	0.306270474	0.616003077	0.278331102	0.662763966
137	0.918980172	0.563464748	0.5617776	0.700928758	0.022871495	0.883500057	0.642321495	0.207630864	0.918272066	0.801901464	0.697754523	0.828826159	0.750592418
134	0.65790738	0.695459168	0.905693366	0.77755916	0.063517685	0.926799625	0.068742921	0.108959242	0.050270085	0.792413313	0.981791964	0.546126125	0.485704445
99	0.092281592	0.66651754	0.757332855	0.549900694	0.910314277	0.599527128	0.56151053	0.824873563	0.657874532	0.740957637	0.325624758	0.273824938	0.401628969
91	0.548762562	0.000576718	0.206127093	0.133993521	0.406237939	0.777474678	0.305559741	0.405199833	0.715696122	0.760380565	0.572865085	0.83827391	0.84764403
62	0.230445153	0.48366755	0.39944022	0.210505133	0.542721913	0.801205194	0.365155087	0.006814665	0.851374171	0.491325876	0.584328262	0.299143716	0.632149081
54	0.46404367	0.735359259	0.209215231	0.877011959	0.540672272	0.210503786	0.339461486	0.717353613	0.561669327	0.922253874	0.66921728	0.745178027	0.477244015
47	0.659558629	0.165732856	0.106094794	0.53116813	0.211876195	0.903421583	0.017659026	0.280692268	0.803147728	0.02114169	0.276545767	0.553959471	0.263504459
