			file id	170104aOEsa17_1	170104aOEsa13_1	170104aOEsa03_1	170104aOEsa06_1	170104aOEsa15_1	170104aOEsa10_1	170104aOEsa16_1	170104aOEsa05_1	170104aOEsa19_1	170104aOEsa12_1	170104aOEsa04_1	170104aOEsa09_1	170104aOEsa08_1	170104aOEsa14_1	170104aOEsa07_1	170104aOEsa02_1	170104aOEsa20_1	170104aOEsa11_1	170104aOEsa18_1	170104aOEsa01_1
			mx class	304403	304403	304403	304403	304403	304403	304403	304403	304403	304403	304403	304403	304403	304411	304411	304411	304411	304411	304411	304411
			mx sample	304424	304423	304422	304421	304420	304419	304404	304405	304406	304407	304408	304409	304410	304412	304413	304414	304415	304416	304417	304418
			label	2.16.2016_001	3.01.2016_002	3.15.2016_003	3.29.2016_004	4.12.2016_005	4.26.2016_006	5.10.2016_007	5.24.2016_008	6.07.2016_009	6.21.2016_010	7.05.2016_011	7.19.2016_012	8.02.2016_013	8.16.2016_014	8.30.2016_015	9.13.2016_016	9.27.2016_017	10.18.2016_018	11.01.2016_019	11.29.2016_020
			species	human	human	human	human	human	human	human	human	human	human	human	human	human	human	human	human	human	human	human	human
			organ	serum	serum	serum	serum	serum	serum	serum	serum	serum	serum	serum	serum	serum	serum	serum	serum	serum	serum	serum	serum
			treatment	 1 - Pre-meditation	 1 - Pre-meditation	 1 - Pre-meditation	 1 - Pre-meditation	 1 - Pre-meditation	 1 - Pre-meditation	 1 - Pre-meditation	 1 - Pre-meditation	 1 - Pre-meditation	 1 - Pre-meditation	 1 - Pre-meditation	 1 - Pre-meditation	 1 - Pre-meditation	 2 - Meditation	 2 - Meditation	 2 - Meditation	 2 - Meditation	 2 - Meditation	 2 - Meditation	 2 - Meditation
PubChem	KEGG	InChI Key	label	170104aOEsa17_1	170104aOEsa13_1	170104aOEsa03_1	170104aOEsa06_1	170104aOEsa15_1	170104aOEsa10_1	170104aOEsa16_1	170104aOEsa05_1	170104aOEsa19_1	170104aOEsa12_1	170104aOEsa04_1	170104aOEsa09_1	170104aOEsa08_1	170104aOEsa14_1	170104aOEsa07_1	170104aOEsa02_1	170104aOEsa20_1	170104aOEsa11_1	170104aOEsa18_1	170104aOEsa01_1
6912	C00379	HEBKCHPVOIAQTA-NGQZWQHPSA-N	xylitol	1534	738	942	865	769	690	970	920	1075	808	1202	886	1023	1208	854	782	1376	884	737	1011
1188	C00385	LRFVTYWOQMYALW-UHFFFAOYSA-N	xanthine	1049	624	838	613	538	321	453	269	585	553	783	533	551	469	271	492	777	639	972	618
6287	C00183	KZSNJWFQEVHDMF-BYPYZUCNSA-N	valine	330884	562859	476797	515053	383462	524435	467085	501900	463298	613820	386425	523192	295341	628276	438805	469530	438119	431468	418174	384916
6029	C00299	DRTQHJPVMGBUCF-XVFCMESISA-N	uridine	2117	1772	1902	1968	1796	750	1135	952	1366	1649	1341	1638	1670	1436	1688	2148	1462	2094	1312	2001
1175	C00366	LEHOTFFKMJEONL-UHFFFAOYSA-N	uric acid	91013	90148	91870	73537	68975	78258	117929	97460	116556	104688	95823	109908	116603	94841	101767	87553	117636	89075	89585	86714
1176	C00086	XSQUKJJJFZCRTK-UHFFFAOYSA-N	urea	1074866	950702	1059343	974377	752575	815688	941155	740938	930608	1099995	823866	896451	731055	1030409	971485	924421	964987	863664	823667	848758
6057	C00082	OUYCCCASQSFEME-QMMMGPOBSA-N	tyrosine	85331	80026	82871	117513	74349	88449	103084	98733	101232	92008	78108	133154	138848	93505	103607	81904	100185	87188	87747	110136
6305	C00078	QIVBCDIJIAJPQS-VIFPVBQESA-N	tryptophan	59805	66502	49213	105286	59265	95007	70719	91342	70038	102469	66808	117797	80403	86230	122529	11450	80753	55577	40305	73812
7427	C01083	HDTRYLNUVZCQOY-LIZSDCNHSA-N	trehalose	664	586	713	1316	1051	729	736	707	786	616	817	664	796	8551	1161	704	784	725	678	701
5810	C01157	PMMYEEVYMWASQN-DMTCNVIQSA-N	trans-4-hydroxyproline	14892	15331	5731	12023	9366	6699	12589	13958	10383	7166	13577	7164	11168	6850	5295	5953	14864	11446	12838	12504
92729	C02483	QUEDXNHFTDJVIY-DQCZWYHMSA-N	tocopherol gamma-	2121	1704	2238	603	1254	1355	2620	1735	1792	1633	3240	2058	2781	802	1675	2097	1567	1361	2538	1486
638015	C00376	NCYCYZXNIZJOKI-OVSJKPMPSA-N	tocopherol alpha-	19381	19406	24430	19410	14950	14539	15164	16120	16079	14556	18500	21577	26678	17668	20274	15466	19849	17004	17502	20876
6288	C00188	AYFVYJQAPQTCCC-GBXIJSLDSA-N	threonine	79089	91371	80996	80044	78222	99617	108555	95045	86420	105759	80244	93040	83806	104070	101974	83006	109015	91507	103761	96440
5460407	C01620	JPIJQSOTBSSVTP-STHAYSLISA-N	threonic acid	30575	18372	32207	20318	11983	23491	33157	20416	27090	22354	21080	21024	27774	30335	27026	21768	42084	27216	21229	28451
169019	C16884	UNXHWFMMPAWVPI-QWWZWVQMSA-N	threitol	1365	1124	2102	1327	826	1383	1392	1764	1056	1219	1722	838	1464	1800	1451	1665	2217	1314	1581	701
1123	C00245	XOAAWQZATWQOTB-UHFFFAOYSA-N	taurine	24633	27634	35053	37527	32261	28402	16421	17712	23677	24421	28542	8629	12579	26387	14115	26314	35757	20408	37904	19452
5988	C00089	CZMRCDWAGMRECN-UGDNZRGBSA-N	sucrose	394	277	431	169	43	321	428	535	410	717	809	288	637	318	307	382	397	437	138	279
1110	C00042	KDYFGRWQOYBRFD-UHFFFAOYSA-N	succinic acid	5216	3853	3308	2698	4574	3085	4833	2663	4842	3584	3931	3360	2101	3773	3905	3504	4068	3688	3937	2270
5281	C01530	QIQXTHQIDYTFRH-UHFFFAOYSA-N	stearic acid	718138	522768	780247	637155	593530	559801	533390	689218	561700	577588	549121	599168	850712	523126	733804	735411	604640	610791	474012	686616
5780	C00794	FBPFZTCFMRRESA-JGWLITMVSA-N	sorbitol	3396	2427	2710	2843	2221	3920	3875	3525	3086	2815	1850	4228	3611	2966	2455	2967	3243	3483	2946	10008
5951	C00065	MTCFGRXMJLQNBG-REOHCLBHSA-N	serine	142191	132851	121233	121475	104874	102292	120424	117883	130360	128678	131571	117217	125851	137720	127064	107262	142109	125431	125844	126671
338	C00805	YGSDEFSMJLZEOE-UHFFFAOYSA-N	salicylic acid	2351	1607	1995	1076	1289	1114	1947	1301	1610	1032	1286	1410	1229	1350	1236	1803	1516	1701	1675	1490
5779	C00121	HMFHBZSHGGEWLO-SOOFDHNKSA-N	ribose	3086	1365	1740	1876	923	948	1395	1051	1726	2008	2940	1294	1517	1240	1375	1060	1346	1104	1203	757
5460677	C01685	QXKAIJAYHKCRRA-BXXZVTAOSA-N	ribonic acid	412	648	636	834	609	584	1044	535	784	274	450	627	720	946	576	856	856	505	860	642
827	C00474	HEBKCHPVOIAQTA-ZXFHETKHSA-N	ribitol	748	679	927	823	715	726	985	810	808	900	779	798	969	860	713	819	1098	716	989	898
1023	C00013	XPPKVPWEQAFLFU-UHFFFAOYSA-N	pyrophosphate	1994	3344	1101	1779	1204	1198	2548	1126	2334	3420	1467	2121	1346	2981	657	1969	1739	282	3432	210
15047	C02067	PTJWIQPHWPFNBW-GBNDHIKLSA-N	pseudo uridine	4846	4137	4803	3897	3617	1765	1833	2165	4170	3523	4631	5055	6278	3834	3887	5132	4703	3685	4058	4634
10442	C02457	YPFDHNVEDLHUCE-UHFFFAOYSA-N	propane-1,3-diol NIST	9921	8559	11458	8863	7546	8260	10430	7644	8505	8328	7925	8560	8724	9204	9434	8568	9330	9325	9187	7887
145742	C00148	ONIBWKKTOPOVIA-BYPYZUCNSA-N	proline	131072	247074	175671	265548	175074	310856	235528	259617	202086	226511	310619	216562	93820	238597	121014	211750	183511	206857	222767	192375
6931662		HXEACLLIILLPRG-RXMQYKEDSA-N	pipecolinic acid	485	561	392	438	1153	836	1353	487	435	308	463	451	609	509	376	1236	445	1815	316	408
1015	C00346	SUHOOTKUPISOBE-UHFFFAOYSA-N	phosphoethanolamine	962	773	794	788	1084	505	835	429	806	694	627	520	587	887	485	491	1235	873	1305	607
1004	C00009	NBIIXXVUZAFLBC-UHFFFAOYSA-N	phosphate	47138	41597	40197	37966	45811	26688	41574	38695	39011	51870	53718	42334	39568	20483	46468	36770	21537	48726	45136	44915
1001	C05332	BHHGXPLMPWCGHP-UHFFFAOYSA-N	phenylethylamine	2619	1562	1451	1866	985	2116	2967	2181	2042	1054	1519	2014	1666	1311	1821	1096	2572	837	2889	1086
6140	C00079	COLNVLDHVKWLRT-QMMMGPOBSA-N	phenylalanine	43731	44206	41835	46854	36776	41099	47462	40254	42255	49220	44811	45415	43521	50714	48053	41317	51615	46578	45601	52179
8158	C01601	FBUKVWPVBMHYJY-UHFFFAOYSA-N	pelargonic acid	19464	18201	39236	21458	23734	18242	22092	17732	22072	25802	15484	21770	16560	14050	17307	18379	18378	25406	19556	26282
445638	C08362	SECPZKHBENQXJG-FPLPWBNLSA-N	palmitoleic acid	1760	1719	1042	680	1259	208	168	321	1408	262	479	386	3023	833	579	642	629	837	474	583
985	C00249	IPCSVZSSVZVIGE-UHFFFAOYSA-N	palmitic acid	148557	92553	110237	93549	87005	86749	86713	87167	117422	83162	74426	90942	142321	82728	95924	88766	110054	93069	91969	94937
7405	C01879	ODHCTXKNWHHXJC-VKHMYHEASA-N	oxoproline	437772	449584	346248	359526	291677	337207	366797	392476	362288	308841	336804	320330	296816	338337	294885	282629	451947	325558	377825	310755
971	C00209	MUBZPKHOEPUJKR-UHFFFAOYSA-N	oxalic acid	3345	2557	3949	3808	3216	809	4040	3278	3577	3445	3543	3563	3618	3878	3315	3321	5085	3728	3567	3629
6262	C00077	AHLPHDHHMVZTML-BYPYZUCNSA-N	ornithine	64163	91868	79640	81844	63922	83898	69882	79782	81346	79307	75686	86944	99118	87424	82849	62870	82763	89061	86452	90781
445639	C00712	ZQPPMHVWECSIRJ-KTKRTIGZSA-N	oleic acid	29919	15429	10302	6403	13085	2160	2256	4924	12081	3120	5730	4829	24743	9172	5864	7920	6526	18088	6139	6696
5283387	C19670	FATBGEAMYMYZAF-KTKRTIGZSA-N	oleamide NIST	1037	1031	1341	34403	1808	1885	15082	1299	1558	1250	5520	1522	1102	1185	1465	1724	1158	1131	1122	828
439377	C01046	XLBVNMSMFQMKEY-BYPYZUCNSA-N	N-methylglutamic acid	8430	6681	8221	5498	5733	5764	9573	6143	9483	4387	4705	6140	7138	7473	4930	6876	6419	7069	7329	9035
5288725	C02721	GDFAOVXKHJXLEI-VKHMYHEASA-N	N-methylalanine	36739	47400	46386	23001	39495	20746	37965	48620	47986	50464	30869	48742	24072	44745	37996	44199	47332	46868	32745	23077
70914	C00624	RFMMMVDNIPUKGG-YFKPBYRVSA-N	n-acetylglutamate	3094	2945	2066	2573	2491	2809	3480	2245	3242	1472	3659	2237	2879	2512	2303	1087	4037	2054	3692	4244
11005	C06424	TUNFSRHWOTWDNC-UHFFFAOYSA-N	myristic acid	11358	6370	5988	4365	5280	3566	4536	3814	7856	3952	4175	3976	9697	5024	4924	5002	5665	7916	4648	4703
892	C00137	CDAISMWEOUEBRE-UHFFFAOYSA-N	myo-inositol	44312	32993	44148	37402	31845	40649	40056	43026	38333	32052	56122	43999	49920	33190	38441	35257	45469	33851	40533	33679
158980	C02989	QEFRNWWLZKMPFJ-YGVKFDHGSA-N	methionine sulfoxide	6520	6093	6438	11504	5191	6184	11497	5817	8588	4152	7489	11082	8500	9870	11723	9538	16016	10326	6775	8611
6137	C00073	FFEARJCKVFRZRR-BYPYZUCNSA-N	methionine	5176	8571	3186	4616	8061	8135	5992	7680	6626	8515	6175	6774	2983	7422	4505	6364	4151	7255	7582	6152
13130		CAAULPUQFIIOTL-UHFFFAOYSA-N	methanolphosphate	7532	7759	14723	8469	7200	7932	8161	6873	8737	9294	7278	12663	9652	7987	9826	8484	8561	5677	11053	7291
18950	C00159	WQZGKKKJIJFFOK-QTVWNMPRSA-N	mannose	61338	50138	44678	41072	35823	27365	36858	25316	56290	46492	39952	70815	83345	53314	41422	42688	58543	45771	36610	45192
525	C00711	BJEPYKJPYRNKOW-UHFFFAOYSA-N	malic acid	2467	1234	1634	1244	2675	997	1895	1455	2056	1381	2194	751	1329	967	1389	1229	1466	1467	1385	953
10935	C07272	PEEHTFAAVSWFBL-UHFFFAOYSA-N	maleimide	3431	4361	6385	4603	3531	3664	4196	4362	3391	4711	4786	3606	3105	4132	3130	3846	3305	4257	3746	4557
439255	C00532	HEBKCHPVOIAQTA-IMJSIDKUSA-N	lyxitol	5692	4635	4871	6898	3507	5509	5162	4989	5572	4382	4421	4415	5407	2578	2765	3855	530	1617	5309	4741
5962	C00047	KDXKERNSBIXSRK-YFKPBYRVSA-N	lysine	60834	70391	64295	74452	52846	71358	64593	84637	86894	102719	64704	116398	89230	87290	84217	59639	74587	74137	68076	82483
5280450	C01595	OYHQOLUKZRVURQ-HZJYTTRNSA-N	linoleic acid	12776	7933	4145	3046	5882	1305	303	2720	5431	818	1261	2975	12119	4646	2312	3444	3007	7891	2818	1982
6106	C00123	ROHFNLRQFUQHCH-YFKPBYRVSA-N	leucine	129961	207413	173807	167228	153615	181540	178969	186170	190574	198008	125882	203008	109175	236717	150723	203280	199825	199977	184186	130567
3893	C02679	POULHZVOKOAJMA-UHFFFAOYSA-N	lauric acid	21744	17681	23443	28034	20617	9823	13843	9167	31933	20785	9638	13499	24001	15866	19000	11339	12904	23157	10885	18030
612	C01432	JVTAAEKCZFNVCJ-UHFFFAOYSA-N	lactic acid	557283	621589	572360	608046	1457014	798321	730385	588505	490029	488097	867055	519871	498268	589238	682347	941373	480811	791939	880314	765419
94220		SXQFCVDSOLSHOQ-UHFFFAOYSA-N	lactamide	1621	793	1472	1050	3120	1718	2144	1586	1293	979	2101	1478	1333	1094	968	1978	1373	2150	2337	1814
151152	C00639	JPIJQSOTBSSVTP-GBXIJSLDSA-N	isothreonic acid	2706	2818	2884	2657	1782	3056	3436	2127	3089	2531	3209	2491	2542	2604	2313	2860	3849	2813	3256	2684
6306	C00407	AGPKZVBTJJNPAG-WHFBIAKZSA-N	isoleucine	88064	127836	94010	104697	80637	117413	125153	115001	114297	112991	89239	131358	73695	168079	124167	111864	120696	119907	124986	102537
6021	C00294	UGQMRVRMYYASKQ-KQYNXXCUSA-N	inosine	5231	1542	1562	2101	2605	6548	11087	7767	9122	8795	3260	7333	13709	4537	7529	6303	4825	2766	1567	3078
92904	C02043	XGILAAMKEQUXLS-UHFFFAOYSA-N	indole-3-lactate	3179	3221	4159	3956	3037	4578	1357	4913	3457	3652	4201	4869	4658	3811	4690	4481	3539	3256	3373	3876
802	C00954	SEOVTRFCIGRIMH-UHFFFAOYSA-N	indole-3-acetate	2638	3307	4411	3652	1143	4837	4855	4145	3317	4823	4118	5187	7337	3469	4612	3714	3637	3165	1680	3417
790	C00262	FDGQSTZJBFJUBT-UHFFFAOYSA-N	hypoxanthine	9817	6603	6588	7983	8683	2593	3710	2972	4958	5877	6879	4575	4597	5106	2812	3329	5106	5497	3140	5393
787	C00192	AVXURJPOCDRRFD-UHFFFAOYSA-N	hydroxylamine	169379	167553	158029	132464	172083	169024	220653	103790	184378	171240	120305	122399	142882	152499	155726	109591	206808	145467	238653	118793
16639161		DRAJWRKLRBNJRQ-UHFFFAOYSA-M	hydroxycarbamate NIST	63147	52424	57651	43365	53500	59538	66485	38377	64093	57987	35346	51709	45151	51147	52736	46030	84413	63052	62846	45623
6274	C00135	HNDVDQJCIGZPNO-YFKPBYRVSA-N	histidine	5528	6859	6244	9148	6939	9315	6284	6986	11749	16360	6348	18887	16246	19978	25285	7180	6884	11315	5892	4458
464	C01586	QIAFMBKCNZACKA-UHFFFAOYSA-N	hippuric acid	4554	1345	1439	1086	2398	2179	6761	1530	1739	1777	3710	6288	1656	1518	1612	1586	2269	1205	1856	2906
152867		IAJILQKETJEXLJ-UHFFFAOYSA-N	hexuronic acid	2627	1802	1947	2411	1815	1294	2385	1252	2814	974	2582	1165	2725	2168	2618	1293	2911	860	1061	985
453	C00392	FBPFZTCFMRRESA-UHFFFAOYSA-N	hexitol	9713	4018	5877	5320	4824	558	5763	5011	5847	3250	5791	3773	4024	3286	4014	1619	2768	4142	2250	4656
10465		KEMQGTRYUADPNZ-UHFFFAOYSA-N	heptadecanoic acid	8106	6329	9484	9120	9129	7556	8727	2810	7447	7857	4499	8854	11538	7830	4582	9717	10222	9213	3023	8493
6802	C00387	NYHBQMYGNKIUIF-UUOKFMHZSA-N	guanosine	721	282	291	393	612	634	1226	662	1153	1261	615	914	1683	990	608	546	938	752	374	812
757	C00160	AEMRFAOFKBGASW-UHFFFAOYSA-N	glycolic acid	3571	2565	3423	1773	1863	2765	2144	2550	3416	3131	3482	1731	2410	2443	2255	1606	2600	1922	2397	2133
750	C00037	DHMQDGOQFOQNFH-UHFFFAOYSA-N	glycine	137061	158347	152950	163448	128747	125274	177051	171081	154394	138490	148774	125399	115872	136466	126451	135709	140571	140945	180936	159921
754	C03189	AWUCVROLDVIAJX-UHFFFAOYSA-N	glycerol-alpha-phosphate	1951	2770	2704	2014	1751	1975	2580	1835	2417	1037	1742	2053	1998	1167	1942	1701	1447	2042	1728	2521
753	C00116	PEDCQBHIVMGVHV-UHFFFAOYSA-N	glycerol	182606	88007	78643	49019	94609	35357	57716	53896	96190	48118	62321	48833	83121	63856	49097	81344	38442	91929	61526	33835
439194	C00258	RBNPOMFGQQGHHO-UWTATZPHSA-N	glyceric acid	8894	6671	6692	2335	3398	4251	355	5532	3799	7513	5635	4497	2506	5212	4064	5293	9159	2896	5830	4750
5961	C00064	ZDXPYRJPNDTMRX-VKHMYHEASA-N	glutamine	122597	147869	123278	146583	115188	165324	185167	153778	194994	148508	133553	164544	170087	174095	170461	140672	187776	159822	142355	120627
33032	C00025	WHUUTDBJXJRKMK-VKHMYHEASA-N	glutamic acid	11980	13632	13204	14725	14074	8214	10103	9184	7094	12355	16766	6568	10513	13000	7988	6783	13591	12673	11358	17240
64689	C00221	WQZGKKKJIJFFOK-VFUOTHLCSA-N	glucose	997447	904055	1029959	894154	795620	926961	713016	842756	1028180	1170068	958933	1072273	1284732	874813	1075109	997258	979469	906240	899275	1031974
6857417	C00800	RGHNJXZEOKUKBD-QTBDOELSSA-N	gluconic acid	542	250	896	598	633	727	539	781	524	638	999	581	837	656	688	240	112	651	711	920
5460044	C01507	FBPFZTCFMRRESA-UNTFVMJOSA-N	galactitol	895	1345	980	1006	1094	653	2383	143	1857	1572	1602	2244	1612	1371	870	1390	2079	2041	1946	1403
444972	C00122	VZCYOOQTPOCHFL-OWOJBTEDSA-N	fumaric acid	5506	3660	3805	2331	4872	2715	1267	2767	4343	3605	1472	3095	2802	4523	3182	3003	4930	4275	3678	3080
439650	C02095	SHZGCJCMOBCMKK-FPRJBGLDSA-N	fucose	402	877	305	678	583	729	826	962	641	158	499	370	721	789	814	580	620	243	283	420
5325915	C02341	SGMJBNSHAZVGMC-PWNYCUMCSA-N	erythronic acid lactone	1204	1211	1334	1234	1673	1157	749	1007	1282	1058	1278	1099	1387	1736	1100	617	725	1681	1409	1187
222285	C00503	UNXHWFMMPAWVPI-ZXZARUISSA-N	erythritol	4846	4698	5188	4998	4034	3999	6092	4863	4636	4601	4924	4235	4867	5119	4559	4462	6575	4947	5977	4625
8193	C02277	LQZZUXJYWNFBMV-UHFFFAOYSA-N	dodecanol	919	760	688	873	664	565	927	677	807	883	737	607	537	898	852	684	1005	887	872	839
440667	C05422	SBJKKFFYIZUCET-JLAZNSOCSA-N	dehydroascorbic acid	7881	6791	4714	6838	7596	6338	5338	7117	8859	8045	10348	8362	10939	6456	5564	5311	4696	9929	5581	9407
94391	C12078	NFWKVWVWBFBAOV-MISYRCLQSA-N	dehydroabietic acid	1320	1076	1392	1531	931	955	1251	704	1129	781	1069	872	1211	847	1288	724	858	1254	803	664
595	C01420	LEVWYRKDKASIDU-UHFFFAOYSA-N	cystine	37615	34082	24865	44701	27639	37857	38007	40809	36438	41174	30101	49851	44808	35488	43564	30120	44310	19324	27322	18103
5862	C00097	XUJNEKJLAYXESH-REOHCLBHSA-N	cysteine	2130	6856	4850	3121	4103	3734	3568	4508	4675	4997	2943	3606	1553	5405	1367	4268	4591	5457	1870	3104
588	C00791	DDRJAANPRJIHGJ-UHFFFAOYSA-N	creatinine	9096	8877	7908	8658	8329	6897	10424	6468	7666	9887	9638	8617	10489	11323	3623	8298	8679	7292	6775	8533
9989541		ZHMWOVGZCINIHW-SPHYCDKFSA-N	conduritol-beta-epoxide	6043	416	399	328	347	386	2319	661	583	469	7924	415	553	420	303	240	896	1729	582	906
9750	C00327	RHGKLRLOHDJJDR-BYPYZUCNSA-N	citrulline	1158	1162	1006	1138	976	1216	998	1187	1699	1264	979	1283	1346	1202	1213	1411	1805	570	1176	1179
311	C00158	KRKNYBCHXYNGOX-UHFFFAOYSA-N	citric acid	117711	82303	65875	46419	59838	44835	78186	60028	77919	65481	102429	61019	88384	69690	77063	55513	78129	72963	56482	46075
5997	C00187	HVYWMOMLDIMFJA-DPAQBDIFSA-N	cholesterol	366814	324373	485277	399523	301293	291935	359226	353349	365670	324521	351592	428418	499777	307504	463609	354129	348340	333821	392152	493284
379	C06423	WWZKQHOCKIZLMA-UHFFFAOYSA-N	caprylic acid	5146	3914	5726	3964	4159	3034	4812	2528	4693	4918	3632	4916	3988	3082	4258	3716	6296	3183	5546	5012
2969	C01571	GHVNFZFCNZKVNT-UHFFFAOYSA-N	capric acid	3128	2594	2863	2060	2332	1573	2174	1656	3084	2501	1884	1734	2487	2670	2002	2113	3473	3132	1533	2690
239	C00099	UCMIRNVEIXFBKS-UHFFFAOYSA-N	beta-alanine	1972	1652	1104	1041	1070	1176	936	764	1691	1574	1139	1442	708	1411	1199	884	1147	1645	1223	880
2879	C01468	WVDDGKGOMKODPV-UHFFFAOYSA-N	benzylalcohol	2890	1922	2829	4778	2114	5565	3141	1869	3887	4221	2414	1913	1274	3493	3040	3597	2752	3622	2685	4189
243	C00180	WPYMKLBDIGXBTP-UHFFFAOYSA-N	benzoic acid	94884	73971	94259	69456	67932	70689	88835	61861	85985	70668	62289	67786	65756	79413	76197	70203	92646	69578	87456	73510
5960	C00049	CKLJMWTZIZZHCS-REOHCLBHSA-N	aspartic acid	8921	8749	9793	9549	7000	5181	6562	4727	6378	7240	15476	5988	4952	7186	3775	5049	4263	9153	9471	9276
6267	C00152	DCXYFEDJOCDNAF-REOHCLBHSA-N	asparagine	6534	7095	6264	5266	4316	6361	7599	6412	6500	7234	7397	6089	5703	6185	6948	6971	8300	7182	7528	7717
444899	C00219	YZXBAPSDXZZRGB-DOFZRALJSA-N	arachidonic acid	5494	4189	4550	3271	4358	2652	3873	2776	1240	1422	2731	3338	5989	3655	3828	3423	1305	4440	3826	1877
10467	C06425	VKOBVWXKNCXXDE-UHFFFAOYSA-N	arachidic acid	6256	5778	7635	8299	6465	6737	6500	5366	7132	7180	6942	6206	10263	6416	9159	8053	8133	6639	5676	9603
100714	C00872	JINBYESILADKFW-UHFFFAOYSA-N	aminomalonate	14049	13647	10387	12493	9382	12222	14922	12690	16279	12013	11776	12810	11872	11184	11954	10772	15672	14932	13102	14330
5950	C00041	QNAYBMKLOCPYGJ-REOHCLBHSA-N	alanine	517654	686130	601045	867289	724908	953123	890230	975052	732029	657178	887233	684249	530542	637652	586270	764572	688032	724700	795272	757006
196	C06104	WNLRTRBMVRJNCN-UHFFFAOYSA-N	adipic acid	1835	1338	1630	1140	771	1105	1091	1523	1279	938	1251	1170	1112	13360	859	1498	12713	952	933	1203
6083	C00020	UDMBCSSLTHHNCD-KQYNXXCUSA-N	adenosine-5-monophosphate	144	143	191	238	108	790	1026	1934	545	300	195	144	286	228	2760	387	187	210	158	194
60961	C00212	OIRDTQYFTABQOQ-KQYNXXCUSA-N	adenosine	415	219	331	238	185	1373	2227	2553	1793	778	119	596	884	525	2582	1928	613	128	155	143
151266		SKCKOFZKJLZSFA-JGWLITMVSA-N	6-deoxyglucitol	2954	2925	3283	4042	2403	4284	4231	4059	3383	3130	3530	2944	4285	3231	3396	3060	3873	3511	2267	885
10413	C00989	SJZRECIVHVDYJC-UHFFFAOYSA-N	4-hydroxybutyric acid	1027	722	972	724	799	877	849	564	901	1032	806	658	749	920	915	793	781	788	913	710
92135	C01089	WHBMMWSBFZVSSR-GSVOUGTGSA-N	3-hydroxybutyric acid	171379	59293	16151	7057	22758	2457	500	10670	4235	14932	3675	2503	2793	117476	31302	2189	3227	78812	8482	9101
16069996	C06474	WZYRMLAWNVOIEX-BGPJRJDNSA-N	3,6-anhydro-D-galactose	4342	2254	5158	4203	4494	2879	3574	3390	6828	6220	2539	3735	5215	4423	4326	4980	4347	5289	4747	2888
70	C00233	BKAJNAXTPSGJCU-UHFFFAOYSA-N	2-ketoisocaproic acid	3174	6016	4313	2427	18617	435	2130	5391	2595	5166	3714	824	1867	1754	1992	1193	1515	1804	2186	2308
43	C02630	HWXBTNAVRSUOJR-UHFFFAOYSA-N	2-hydroxyglutaric acid	1006	766	687	567	511	304	683	605	420	1074	678	474	902	813	732	209	489	394	532	382
440864	C05984	AFENDNXGAFYKQO-VKHMYHEASA-N	2-hydroxybutanoic acid	109093	85013	74233	30215	67946	18535	48885	46810	72574	76197	37938	51844	71236	116991	71832	56651	73868	82595	29698	44236
150929		DZAIOXUZHHTJKN-UHFFFAOYSA-N	2-deoxytetronic acid	1671	1707	1260	1070	1250	1537	311	1436	1435	1227	3259	1040	1566	583	1027	1010	1619	1271	1295	1162
14900	C01885	QHZLMUACJMDIAE-UHFFFAOYSA-N	1-monopalmitin	1345	1063	1231	957	1004	742	1335	1098	680	1311	1749	1279	1531	1166	1145	999	986	832	1124	1373
2108		HOVAGTYPODGVJG-UHFFFAOYSA-N	1-methylgalactose NIST	19043	4589	7167	11350	3322	12601	21220	5960	9355	4309	53913	11499	10073	6686	5693	2815	5910	16895	4459	47639
			610256	364	715	512	780	1148	436	1060	1158	312	770	1272	1532	665	304	932	400	1065	1357	535	1065
			204994	677	800	824	663	564	598	1223	816	670	691	702	816	734	812	662	718	817	625	1181	772
			203812	10201	9546	12082	9839	9872	6766	8509	13504	13486	11997	10016	11833	11246	6739	11263	8555	13415	11878	12491	9358
			196901	9393	7077	5155	5600	6831	7489	9632	5526	8229	7658	820	6738	7154	8151	7318	6244	6642	6631	8193	5259
			192876	9959	15792	7342	14969	7255	14658	5707	5099	6452	11510	11491	13527	11318	19143	8620	4847	12685	14144	10497	2392
			191802	1573	2526	1634	731	1280	2179	2677	1239	2198	2306	1744	2415	1446	2261	1671	1534	2351	2107	1859	1642
			183508	535	329	195	521	202	224	364	386	294	305	289	295	353	1474	487	211	1207	474	187	204
			183433	123076	101839	126442	101819	91666	94916	117229	94849	110254	102834	91897	94969	105219	107367	111520	104373	116121	109641	115801	110202
			183139	3073	2215	2291	2586	1978	3375	2590	2157	2305	2652	2802	1000	3019	1781	2632	2502	3364	1076	2257	2269
			183115	1564	1071	808	792	1706	902	1187	1106	1465	872	1392	881	619	626	952	819	792	778	1103	622
			183049	3439	3784	4159	4295	3235	4771	3998	4641	3322	3836	4577	4869	4329	3974	5003	4925	4063	3970	3447	4086
			172624	43508	39390	42369	34681	35583	29062	41682	31516	42089	40341	30966	31043	33015	42963	37910	32569	41683	38909	41707	38267
			171564	12650	1379	1019	2407	1288	20267	3349	2694	1302	4338	575	3894	2422	2410	3366	2463	2933	2100	1816	3315
			171303	9697	2664	11024	5744	8081	7653	9719	8616	8660	8258	6145	7398	8972	1233	10297	10080	8588	8325	8765	2239
			170232	171	221	687	179	1225	551	269	789	479	544	520	910	1173	197	675	416	1184	277	3096	313
			170069	48892	43365	37802	40643	36319	38646	49211	40870	49007	3880	38706	34572	36257	51885	37813	35857	33946	29003	27236	30314
			168759	491	392	646	740	768	528	409	689	691	507	535	496	707	449	523	696	521	617	388	566
			161878	4686	2408	3639	3654	3070	2239	2895	2517	3158	3035	2598	2681	3398	2880	2907	7149	2498	9203	3479	1631
			161875	1784	1039	1000	965	1110	839	1356	658	1354	954	768	789	896	1087	825	767	1389	956	1077	758
			146277	2216	1698	1507	1974	2084	2032	647	1877	1907	2528	1338	2548	3759	1780	2987	898	682	2315	1872	2989
			136398	223	162	181	180	342	242	114	253	247	368	251	352	530	273	271	246	235	274	223	281
			135619	2045	1717	1454	1245	2440	1986	2338	1729	1569	2537	1463	1687	2561	1749	2027	3306	1934	2340	2045	776
			135260	2345	2847	2017	944	1957	2537	2719	2186	2542	2349	1736	2427	2368	2882	2465	2309	3506	2790	2508	1527
			134336	10377	7287	11575	9480	8110	10811	9392	6973	10145	9025	6129	7857	9966	9498	9407	8458	11507	8472	9326	9230
			133612	593	521	393	516	619	324	810	486	196	734	615	427	821	451	427	855	532	661	680	768
			133605	1098	1173	1293	1037	1013	955	847	1007	1310	737	1046	1528	1577	1109	1287	1015	1512	1145	1081	1140
			133340	4672	5403	4830	7138	4991	6161	6244	5252	6330	6428	4692	5274	4505	5665	5697	5578	6091	6268	5778	5319
			133242	2636	5413	5552	4844	4604	5487	5346	3933	4416	4538	3833	3768	4782	4915	4801	3989	5850	5220	5248	5008
			132976	2794	851	738	653	748	714	1195	2215	4712	607	2776	1692	937	506	852	675	654	755	751	739
			131620	18493	15513	22447	17178	15490	15455	15405	14999	15757	17460	15999	16102	5554	16275	17866	16819	10425	17231	17845	5523
			129225	8449	7077	7236	5838	7025	7078	7717	2163	7050	5749	1347	6230	5332	8151	5363	6244	8369	6691	5806	3867
			126423	3237	4007	4701	4542	3200	3528	4319	2483	3458	1638	3000	3470	3304	3583	4428	3857	4204	2033	3802	2230
			126354	3261	2815	3621	2081	3308	3528	3045	2192	1736	3251	2726	2002	3788	3311	1518	2560	2010	1184	2789	261
			126345	1900	2871	3105	2264	2435	1637	3952	1963	1023	3034	1497	3490	3073	4403	3195	4104	2978	4129	3212	3196
			124996	4275	4451	5577	4759	4203	5707	1153	2797	5655	6365	6551	3096	3488	4594	2138	3458	1652	2696	6725	4942
			124903	22811	17553	25055	20331	17191	21071	20873	17476	21509	20082	16521	18736	16423	20236	22295	18464	23709	22122	19964	18643
			122191	2765	1859	2801	1683	1818	964	2062	973	2129	2594	1606	2154	1797	1189	2643	1256	3056	2792	3513	2346
			121890	1351	1854	2386	1687	1477	2030	2101	1473	2087	2198	1428	1632	2656	1485	2314	1642	2635	1967	3175	1528
			121468	395	475	869	325	349	361	396	426	551	831	252	521	624	552	295	405	854	1185	464	672
			121467	728	668	1755	606	640	641	960	920	1238	1200	627	1254	1529	1004	1472	1054	1584	1314	805	953
			121002	1336	1239	1733	1492	1527	1321	1092	1578	1533	1987	1763	1844	1555	1503	2637	1549	2050	1143	1740	1667
			120744	6829	4760	2114	4509	6453	4613	2953	4142	5123	6591	3616	6298	3703	6035	2620	5122	7914	4886	5546	3560
			120562	14674	14500	18997	20109	13937	18074	19328	17001	18401	11124	18852	15789	18834	16659	16045	14181	13606	12697	19546	17543
			119167	7493	5956	3605	7750	7862	6038	6209	5109	6367	7283	4822	6010	13057	6094	7700	10629	3851	8226	6225	6159
			119129	3820	3672	3801	6251	3313	4990	6904	2303	4772	4992	5240	4143	2634	2964	3684	6961	3131	4911	4205	5175
			119054	1011	1099	1014	820	855	965	1063	791	746	921	1489	1121	1289	861	1163	798	1322	1134	1064	920
			119026	1772	1287	1328	1667	1924	1138	2888	1315	1769	1695	1967	1365	3054	1330	1532	2674	1123	1159	1920	685
			119023	4977	3648	8589	6045	10148	7488	9280	7368	7526	9719	6580	7245	8700	7249	6640	15489	5274	6652	9871	324
			112556	2124	4804	2643	2312	2634	3229	2778	5536	2153	1554	4320	3381	6751	2839	3850	2984	1294	4885	3989	1988
			112530	574	658	915	777	548	584	771	772	717	571	619	620	761	604	650	510	506	769	688	493
			112487	4331	3501	4273	3458	3275	3405	4044	2973	3595	3422	3192	2848	3011	3320	3700	3738	4020	3392	3257	3748
			112264	2151	1973	1991	1698	1564	2269	2558	1775	2039	1295	1925	749	1269	1405	1243	1250	2180	1314	1925	1336
			110570	6875	7179	7522	6780	5915	4254	4591	7346	6894	5553	536	3967	7965	8720	7162	8393	2074	8704	3141	7822
			110501	2681	3168	3045	3379	4959	2420	6137	4873	3046	4371	4447	2659	5299	3171	2709	5149	2742	4745	4345	5007
			110321	914	691	738	702	725	640	943	592	895	705	756	599	998	281	775	617	909	751	881	645
			110183	3274	2340	3294	3152	2711	2784	1719	2826	1100	2789	2548	1940	2457	2032	3189	2791	2662	1800	2107	3171
			110170	338	234	355	405	312	338	521	331	347	433	249	342	522	281	332	487	460	420	403	520
			110013	1233	2645	3515	1853	3254	1346	4348	2262	2580	2417	2133	3737	2332	3022	2863	5312	933	3223	2935	3471
			110008	1054	815	1192	1384	1113	1184	1807	811	1321	921	931	287	1762	1027	1029	1996	1077	659	1336	1575
			109386	1445	971	1317	1151	1716	991	1657	798	1509	2475	1000	685	1371	1262	1250	1590	1545	1890	1258	1170
			107960	2663	2466	3148	1240	3459	2921	4510	1905	3043	4026	2013	2233	3172	1649	2657	4664	2315	2763	3046	2592
			107276	5286	3063	4689	3656	1712	6860	8869	1381	4079	3023	2007	1908	4287	2640	7085	1782	1536	4907	4139	6894
			107274	1756	1304	1922	1786	1347	1322	1563	1454	1575	1327	1072	1783	1656	1109	1797	1548	1847	1951	1600	1513
			106936	966	1489	1150	1193	1019	1116	1058	1677	1122	1663	1427	1309	1090	1422	1159	1672	1006	856	1306	1646
			106697	632	781	1934	920	602	571	589	684	495	424	707	673	736	508	466	1012	640	789	901	3704
			105450	725	663	1124	818	650	790	782	811	788	740	582	648	1162	823	659	956	751	748	783	818
			104123	9170	12133	11652	13493	6462	13244	12406	14501	11559	8821	9386	12901	9700	8672	8387	9353	10555	445	14585	4547
			100730	2173	1337	1616	1888	1368	1449	2135	1346	1726	1120	1129	1642	1982	1792	2422	1529	1920	1491	1595	2332
			98101	967	722	441	421	217	1052	1117	193	185	149	304	161	183	348	120	124	190	109	187	536
			98027	984	1316	1739	1405	1601	1549	1635	1282	1047	1374	1493	1004	1820	739	818	1929	1845	1124	1328	1089
			97891	1300	948	1563	1256	1744	1667	2444	1100	1801	1878	1382	1356	1702	938	1663	2714	1359	1160	1560	1452
			97884	1163	1070	794	813	885	544	996	785	1437	1220	765	762	1722	894	862	843	781	943	1086	882
			97708	1251	1112	2045	1921	1626	1505	1309	1305	1372	1393	1625	1229	2075	869	1288	2261	1312	821	1730	1643
			95410	1010	923	1403	980	798	967	864	820	1135	655	746	821	1093	1019	1323	1201	989	1041	652	881
			91421	4141	56316	53485	75319	46657	50462	45238	59701	6476	64525	37864	75136	90271	12765	104345	61150	71973	32610	79522	4198
			88502	26676	23026	32811	28020	24678	26035	27233	22567	25371	23242	19733	21012	25773	25473	29027	23053	28846	27616	26198	24666
			84721	20486	17255	23287	12204	16652	19600	21236	15966	15038	17621	14839	17515	18622	18669	19238	17573	22266	18914	17709	16887
			64712	1131	981	938	323	650	968	1288	1046	991	846	865	932	1135	338	903	756	1131	685	899	834
			62263	812	784	1372	750	912	286	597	555	366	771	873	379	1284	523	553	1285	578	1382	1223	1182
			50367	2447	329	1457	3391	533	2980	3227	3548	3164	2931	3376	3454	1919	2664	3204	808	2246	2674	2762	3518
			48428	6314	5920	7422	7259	5000	3625	5165	5234	5961	6874	5068	5137	5636	6471	6136	6543	7534	5622	5909	5770
			47492	1291	993	1210	939	982	864	1222	774	1178	1187	993	1259	1501	894	1104	925	1357	1273	1217	992
			47358	1211	882	1011	340	968	1053	1350	840	1144	859	849	826	848	818	1097	809	1125	917	1401	904
			47221	1949	1965	2263	608	1573	2095	3430	2398	3335	3191	4096	5980	6549	3241	3478	3568	3772	2942	2779	2456
			46292	2157	1630	2761	2422	1636	2111	2185	1568	2400	1977	1745	2128	1771	2036	2361	2031	2600	2094	2846	2166
			46272	2930	2441	4136	2213	3003	2250	2805	2287	2245	2568	2226	1923	3396	2192	3226	2881	1928	3593	2078	2690
			46128	2108	1942	2014	2106	1800	1842	1886	1321	1792	1531	1153	2223	2923	1475	1913	1930	1910	1720	1462	1705
			43734	1291	877	1210	1052	779	864	1130	643	875	1045	993	1259	1443	894	941	831	1357	931	1078	1255
			42525	831	1651	2998	1334	794	693	1501	782	1470	2093	610	1026	943	1809	949	528	1315	3088	1099	1457
			42187	3065	2968	3776	3117	3081	3114	3182	2838	3343	2804	1981	2807	2819	3018	3451	3189	3343	3190	3140	3620
			42003	1613	1052	2265	1491	1791	518	1033	515	535	889	1620	879	2841	867	1091	985	1051	2189	2164	2586
			41989	3420	3391	2408	2749	3951	2957	1669	2728	3284	3586	3462	2412	3463	3963	2988	1454	1531	5257	2808	1521
			41985	665	600	1773	587	529	472	1141	608	4860	715	530	751	836	1099	3078	1332	702	537	591	575
			41811	974	914	1120	774	799	945	548	951	1168	1424	1090	1092	1057	1057	1386	1077	1101	956	931	1036
			41808	935	1184	1216	1371	890	920	1231	1299	1381	1571	1243	1524	1383	1316	2117	1211	1959	1401	1201	1435
			41683	1428	1175	1143	854	1080	1013	1113	747	1593	1297	1074	1250	1534	831	1264	983	1201	1151	1702	979
			34146	10141	4203	3388	3078	2307	3026	6669	4487	2948	1516	23695	1961	2456	1599	971	1009	2214	3491	2928	5277
			34089	807	1610	1803	2120	827	1997	1604	1543	3821	1199	4113	2282	3737	1076	1005	2477	1404	2701	1297	1356
			33462	112	73	122	117	96	114	434	71	78	87	487	104	108	97	79	91	128	174	107	97
			33415	2299	2662	2503	2333	2303	2716	3272	2269	3997	2573	2538	2214	4986	2724	2564	2537	2234	2702	2582	1858
			31962	43117	51914	46386	30561	45640	38704	43804	49881	51485	51866	31619	53471	5116	62180	39789	51787	38539	50162	20023	28353
			31559	280	2355	990	381	549	289	527	2350	336	554	601	379	2768	1317	1276	1578	1890	1013	1714	657
			31554	755	864	872	1050	748	867	917	755	1355	1062	760	1074	995	842	845	656	1063	929	1114	849
			31408	17564	18004	20508	21555	22584	18023	21131	16446	17610	22382	17294	23324	20556	19977	25726	21951	22782	21445	20834	22469
			31359	3457	2386	4858	5044	3987	4805	4795	3404	4308	3502	3032	3689	4084	4377	3946	3439	4146	3825	3897	3582
			31285	5939	5406	7287	6628	4712	6951	6409	4150	6246	4934	5225	5172	5737	5510	7242	4938	6938	1629	6703	5245
			31223	1282	1387	1233	1400	1213	858	843	618	958	1354	1236	897	872	1160	559	879	1020	974	1361	863
			23635	12547	11662	14991	12098	10493	12102	13116	10805	9871	11441	8540	11942	11948	11765	13003	12665	14140	13138	10880	12092
			22863	8095	12358	13825	6618	11420	12274	2565	11983	5729	10796	11975	14339	3718	13869	10422	12161	10040	10993	10851	10374
			22444	1529	1286	1630	1367	939	1307	1682	1211	1322	692	1041	1274	1092	1299	1378	1259	1315	1356	1473	1316
			20297	880	1627	1433	883	781	1846	2241	1243	1289	526	939	1603	1051	1045	858	792	1587	800	2714	789
			18488	1074	1113	790	1294	1120	1191	1614	1073	1394	1409	1100	1005	832	883	1009	1000	1434	474	1441	1286
			17664	19108	9243	16813	12885	11108	2499	14721	2269	12940	15829	7872	13949	11361	2783	15526	3000	18817	19931	22969	16394
			17651	1502	1105	1751	1254	727	993	1635	725	1657	1245	913	409	1418	1457	1125	1201	1248	1138	1369	1358
			17541	190	140	191	108	221	113	267	218	159	165	169	130	305	160	242	258	180	175	215	178
			17068	3568	1556	5560	4319	3158	4863	4532	4191	4982	4587	4037	4213	5004	4369	4221	9614	3431	5786	4493	5782
			16794	1238	1207	1415	1045	1163	1361	1578	1378	1038	1005	1465	959	2036	1093	1486	1771	1131	1840	1603	1525
			16788	1406	1257	1327	1487	1718	835	1499	1304	1456	1535	1158	1253	1517	1030	285	1835	1330	1286	1564	1498
			16572	8100	6232	8494	6782	6274	4185	6865	5970	5090	7326	5768	5760	6292	7370	7408	6761	7873	6219	4134	5852
			14736	425	322	508	493	343	551	742	276	436	812	632	569	905	1112	1039	685	464	751	528	735
			12444	546	394	316	476	460	956	556	727	408	378	4196	467	425	289	397	373	597	423	319	613
			11523	1483	1973	1991	1698	1564	1686	2087	1775	1589	817	1925	1658	1269	1405	1243	1250	2180	1314	2170	1336
			8270	1959	1720	3037	4590	3631	4357	4921	3082	3498	3807	3620	2804	128	1988	2970	5050	2446	2287	2794	2170
			7490	744	1291	1345	803	941	1439	1309	739	1087	1066	772	851	491	1074	676	1220	797	1139	1156	652
			6767	876	981	1056	668	806	856	1197	827	807	765	802	467	1204	1175	1078	708	1052	899	964	962
			6646	5319	4941	2338	3539	5168	4592	5083	3164	7282	6214	4803	4443	3811	1569	5025	3981	5756	3174	7707	3014
			6376	972	2022	2201	966	2356	1368	2269	1135	1583	2818	1151	440	1359	1613	1215	2149	1343	4211	1517	1226
			6066	4333	3612	1590	3493	4357	4858	3926	3777	4429	3274	3336	4756	4441	3876	4029	5180	3827	5376	3202	5395
			5990	1302	1217	1081	1026	912	1013	1288	1288	1323	1340	967	886	865	1169	988	1082	1129	791	1109	1120
			5930	2004	4508	2643	2312	2551	3508	2671	5825	1779	1554	4544	3426	530	2595	3597	3320	6230	4623	4393	1988
			5837	2069	1884	2035	1782	1694	2092	1793	1536	2560	2529	1795	2551	1903	1462	2063	1643	2229	2550	2854	1785
			5691	3779	3575	2117	1784	5212	1983	1654	3135	1965	3451	1488	2017	2112	1913	1803	2324	2236	2533	1698	1886
			5483	1595	939	1034	1019	746	876	1175	1086	1370	933	914	807	992	907	1109	1093	976	1066	970	1177
			5471	6837	8394	9400	6193	6912	9649	8285	4041	10006	6279	6217	3349	7940	9027	8907	4282	7924	10511	8837	9912
			5396	14178	13330	23510	19611	7021	14342	13431	16486	11023	12233	18010	21724	3669	12818	21701	15010	14533	9872	15600	20392
			5346	9650	9809	11177	10294	7241	8441	9195	8038	10145	7644	6036	7857	8747	7840	7759	7826	9432	9159	8815	8795
			5276	50335	49212	37883	46129	37175	39144	51105	43097	51114	47751	38982	36059	36620	53603	41822	37499	32410	28658	28047	31148
			5269	1455	5248	5140	4208	5886	5013	6640	3578	7992	6789	5230	4635	9003	4251	5312	723	5853	5809	8673	4872
			5259	1640	1486	2486	2308	1319	1684	1642	1334	1728	1683	1511	2138	2135	1326	2254	1812	1471	1511	1617	1085
			5085	12481	6987	9698	11265	10988	1242	7412	6966	10137	11758	5709	12682	26007	11773	14415	24943	6828	11010	2633	13973
			4986	3501	3780	6313	2221	779	3404	5166	3691	4372	3522	1701	3650	3068	3768	3186	1904	3365	5226	3714	4157
			4945	2162	6189	11176	2565	5194	4628	7483	4471	5154	6501	7302	10472	9311	2373	7175	5496	4440	3665	824	7976
			4937	2782	2176	3745	3543	2031	2755	2492	2569	2936	2586	1896	3020	3746	2298	1967	2670	3097	2109	2726	3423
			4929	3153	3031	4249	4626	3477	3346	4550	4594	4409	4656	3455	4057	3618	3346	2748	3019	2760	4023	3221	3567
			4898	830	1062	827	1137	755	822	1193	975	972	1239	620	831	1088	760	848	883	1006	1096	746	893
			4887	1262	1562	1728	1783	1649	1221	1837	1644	2067	2419	1702	1636	1271	1765	1188	1674	1786	1747	1297	1487
			4871	2483	2342	2684	2682	1571	2717	4281	803	4709	4786	5411	8137	9050	4262	4757	4968	5536	3746	4087	3647
			4863	445	208	179	488	189	1392	1152	1258	839	277	2402	1139	290	166	271	162	1022	121	109	193
			4793	2889	2277	2639	2908	330	2412	4160	1897	2485	3128	2033	1935	221	1743	2489	4997	2762	2595	2295	2628
			4746	855	900	959	765	588	827	975	835	826	1229	692	786	978	1090	857	512	1342	1123	999	673
			4600	945	1157	888	959	614	926	1145	1092	1320	834	1214	1239	1081	742	928	979	402	876	1544	843
			4579	2805	5553	4905	4593	3655	5024	4032	4083	4077	5184	4139	4762	2339	5645	3268	4575	5313	5992	4409	4493
			4577	2163	2734	4998	3958	2828	3008	2871	2547	3012	1944	3398	3839	3561	2815	4227	3610	2755	2614	3444	3788
			4546	6104	5975	6704	8376	7060	7222	7923	4498	7457	9485	4994	7563	10984	6462	755	14235	4690	7147	4919	6853
			4543	7077	4508	4827	1393	3883	4027	3764	4933	4806	4207	6885	3841	7547	4597	6339	3718	3754	4875	3833	4813
			4536	3462	1519	6030	5280	3170	2589	3334	1375	3438	3795	3934	4498	5747	2900	4385	3616	1135	2685	3449	4254
			4531	1030	927	897	799	862	861	944	603	884	805	541	695	882	973	989	571	1157	684	794	712
			4219	5838	6100	5851	2799	7583	6712	9585	3039	7606	4411	3688	7069	8144	6644	6237	4712	8206	7771	7503	4160
			3465	1195	694	1154	577	988	714	841	1040	1069	944	1215	937	1621	1429	1212	532	1876	1185	940	1081
			3381	1619	1378	962	1044	1419	1317	1142	1304	2273	1692	1246	1897	1843	1607	1199	815	864	1694	1539	1294
			3228	8001	7821	10627	9873	2642	4088	11792	2217	3850	8068	7656	5777	6589	10417	8852	11065	12878	13983	8757	7599
			3029	268	1208	596	466	238	609	359	173	1361	358	1147	914	674	182	502	359	250	1087	304	532
			2936	19592	18427	26543	21164	17298	22180	22093	16628	21509	16515	16037	16161	20820	20647	19761	20451	19467	20192	20383	20600
			2806	537	769	844	597	282	999	1572	725	1012	1137	605	1378	529	1020	623	1016	1808	403	578	265
			2575	1211	1029	1011	907	968	1053	1038	840	902	1008	849	865	1027	1008	1097	809	1290	491	1192	904
			2476	4731	5935	6080	4812	5484	6095	6276	5163	7469	6168	5779	5451	4109	6920	4899	6667	7155	6473	4899	6007
			2233	837	703	873	740	764	872	1182	769	1032	739	841	924	964	714	1164	788	1077	808	872	450
			2097	9670	10155	11963	9552	10743	10876	12674	9045	11333	9796	7851	7458	9188	8920	9668	7960	11989	9248	11874	9184
			2061	13090	12334	15347	11683	12145	12790	12394	10573	12799	11180	9963	11394	11947	13790	12712	11487	13293	12696	12310	11259
			2001	2483	665	766	366	767	451	785	2508	5951	261	4480	889	572	320	497	523	609	723	522	396
			1996	2780	2662	2503	2333	2520	2716	2669	1968	3486	2573	2175	1871	4654	2215	2073	2537	2852	2260	2582	1858
			1981	3938	4038	3559	1442	3198	13631	4188	7035	3899	2994	7964	3442	3280	3712	3043	3704	4704	3145	3590	3237
			1941	6456	6670	8299	6322	3253	1581	6002	6983	6974	7293	4479	6887	6697	8422	7768	8330	6087	8860	5682	8030
			1912	2854	2364	2918	3463	2778	2841	2635	2547	3055	2460	1567	3099	3434	2573	3258	2792	2708	2173	2766	1394
			1878	5067	5162	7294	6726	5240	6495	6167	5359	3846	5599	5040	6226	3414	6370	6932	5501	6857	5895	6167	5891
			1875	5614	5051	7909	7448	3769	5856	6209	4251	2579	4473	5312	7502	7225	5654	7238	3714	5478	5766	6590	7551
			1704	1476	3860	2236	2045	1023	1879	2045	1143	1973	1438	4353	3719	1242	1322	1732	640	1418	3035	1679	2789
			1700	1209	915	1100	927	886	658	1114	754	877	719	252	791	897	828	1102	808	997	659	861	1126
			1029	27817	6161	23696	13585	6714	18416	32061	8187	26366	21845	23455	28689	32652	28844	29170	27250	32343	32004	34221	23620
			915	10328	12096	10265	15031	9202	14734	22877	11530	11665	13569	15378	11396	11597	12553	9028	18624	17652	9747	10619	11316
			892	5191	2012	4700	3437	1712	6512	6639	1381	3791	2291	2007	2102	2991	2500	5995	1537	1536	4907	4139	6029
			816	1798	1334	1557	1556	971	1566	1314	1219	1669	1924	1357	1981	2252	1491	1702	1665	1250	1103	1672	1630
			812	579	799	991	1011	803	1058	894	1012	1289	450	638	834	339	1055	566	440	747	851	932	461
			657	20357	10967	18347	13156	11801	2499	15081	2603	15408	16593	8693	13656	12915	2485	16143	3217	20646	21068	23098	17043
			592	1465	1815	1501	2273	1067	1761	1678	1412	520	2024	1595	1777	570	1506	1439	904	1794	2058	2084	1890
 		                           	573	5974	18367	26253	22892	16267	15032	17602	13061	4812	18239	10777	19910	19503	15536	6347	18074	11691	15540	10203	18236
			473	2317	2400	1513	1446	1922	2082	3024	1903	1619	1675	1893	1739	1756	814	1612	1503	2300	1769	2196	1743
		                           	462	2411	1737	2064	1752	1978	1583	1976	1433	1445	1681	1660	1658	1736	2201	1460	1650	2517	1417	2103	1637
			458	4019	2320	3074	4576	2209	4718	3894	3248	3994	4756	5540	4900	3555	4257	3667	2329	5951	657	2571	1782
			453	80135	49083	73254	25414	50771	62041	72344	67935	44804	60549	49223	64469	90982	39574	104709	62973	74795	52786	75825	85672
			443	47883	30022	42647	44890	40293	34556	28946	34330	30368	30887	15729	21533	36456	41560	39990	46782	20555	45313	43751	33599
			307	58116	52008	61468	68668	50537	58782	62993	48005	61836	50645	64191	77104	95937	65532	72111	48808	70502	59054	67203	81482
			299	4627	3690	3528	4014	3366	3932	3515	3918	3357	3929	3490	3865	3808	2490	2538	2905	1710	2643	3576	4348
			257	6095	6196	7288	9633	5333	7549	6593	7789	4538	6458	6073	8304	9179	5578	5411	6824	6917	4137	6977	8271
			137	157726	151261	166613	144493	130864	133958	141796	119763	145484	137607	144075	130394	133058	146171	150401	132119	152175	147692	153981	155267
			134	1571	2234	1405	12702	2275	1150	3254	12142	1900	1493	4919	3816	7103	2270	10349	5990	1221	605	3249	1312
			110	9664	7226	10593	11635	7400	7495	9447	11098	7368	7511	7605	8594	10969	6522	12134	8444	6103	9067	8103	11402
			99	27757	23480	25925	20230	22035	26121	22307	18120	28070	31694	21266	31450	35256	23690	27422	22895	31877	23742	29965	23534
			98	14178	10215	23510	18806	11987	12955	14148	14495	13010	13696	18010	20364	12949	12818	24534	13435	8208	11588	14212	17494
			91	19262	10335	17152	14362	15582	14750	16718	14907	17302	20270	12630	17493	12176	19317	15070	16712	15953	18073	12743	8353
			62	22581	23077	30672	28020	22944	25315	25764	22567	24666	21573	19733	23074	25308	15314	27736	22291	28169	24101	27446	24240
			61	10218	9771	12074	10833	10754	8909	13597	10288	11376	14373	11913	12342	11708	15605	9491	14548	14945	13541	9925	13329
			54	8883	9109	10175	9879	7510	9565	9085	11352	8866	8307	10153	13119	16375	3440	12791	9927	8360	8999	8928	11007
			47	14595	16944	22308	21319	11091	19274	7271	13794	19459	16984	14839	16874	18193	11484	19238	16821	20430	17686	17133	17873
			39	2605	2378	2544	2544	786	2929	2833	1781	2459	2247	2350	2602	2287	2491	1762	2612	2850	2619	1266	2268
