124454	835	911	845	348	864	1363	708	703	428	485	563	385	705	1018	5493	726	364	270	1370	453	386	333	232	249	208	353	330	230	765	294	184	328
124353	227	161	268	224	233	269	266	195	292	197	343	540	284	542	472	406	497	299	485	880	511	628	648	608	784	619	548	707	2393	969	1001	2023
123989	125	144	165	108	189	165	171	167	303	246	258	373	265	423	221	216	615	680	454	480	567	474	427	1020	589	596	698	556	1214	957	515	982
122191	544	459	801	655	747	434	514	637	892	458	747	858	705	1050	1242	790	834	802	1037	914	723	803	1071	733	869	695	912	1125	820	1086	712	1008
122151	4657	5100	6907	6068	5416	6024	4801	1718	5489	4351	8002	6941	3726	9321	8511	6142	5184	3260	7651	4629	6954	7817	7258	10294	6679	10087	8734	5497	11225	8119	8590	9981
121890	1092	1015	451	294	522	634	663	135	697	679	959	2011	860	933	1085	489	1181	1001	465	484	1263	362	460	935	745	621	699	1527	1380	953	1246	1299
121402	371	421	363	400	606	529	470	759	1154	860	1019	1643	1128	1349	582	1824	1136	873	850	452	1112	1191	1331	847	894	661	725	638	1365	823	727	1131
121384	131	203	120	97	72	106	145	108	329	189	154	268	168	232	199	217	353	310	329	388	281	492	433	354	1241	967	283	775	1230	686	959	875
121002	634	808	459	781	766	576	769	688	777	780	792	1532	508	633	871	508	534	612	1057	340	422	678	519	504	654	687	765	592	469	685	609	540
120582	19970	8893	25640	28930	23827	9018	15649	16801	3965	4445	8136	16720	23362	9925	18619	26816	3865	4112	2130	13701	9625	6134	4173	5071	2759	3260	1400	1252	8739	5969	4320	2965
120562	2944	2762	3274	4095	4876	3748	3183	3334	2296	1895	2160	1599	2552	2179	1725	2316	1992	1267	1372	962	1375	840	1288	1333	1619	1460	982	1517	1285	1015	1468	887
120526	3792	5763	7249	6068	5730	5916	4052	1718	6050	4351	9840	7017	2911	9164	8252	5690	5014	3260	7651	5969	6954	7817	6101	10294	6679	10087	9514	3342	11225	5089	8590	9981
119167	3847	4762	3530	3337	6332	4134	5014	4833	4753	2720	4274	7414	4790	4986	204	5543	6042	3579	1975	3504	1515	2046	2770	1399	3033	1959	3824	4200	2726	3594	2166	2030
119129	1420	1024	971	1048	1816	1174	2906	2384	1023	798	1095	1068	1364	1374	538	1472	1257	659	514	903	463	441	542	287	969	476	840	905	596	858	401	408
119054	177	184	202	152	245	192	120	211	349	219	273	193	232	325	393	248	646	411	718	590	663	750	594	670	1803	822	980	1338	2544	1052	1664	2850
119026	752	790	793	474	177	469	66	570	722	341	588	663	737	705	513	588	364	117	144	85	121	122	220	177	153	173	145	172	187	326	110	236
119023	3244	5015	4635	3803	3408	2601	3988	3074	4400	2138	3651	3413	3216	4116	3384	2702	7181	3368	2908	4201	1611	2349	3728	1437	5177	2992	4928	7249	5369	6246	4379	3057
117195	1078	1349	1265	1498	517	917	404	844	2202	2162	1547	1468	1194	681	1093	1276	3894	3453	5038	1985	4531	3092	3254	4494	2959	5403	3784	3077	3765	1466	3057	4046
117043	2525	2204	4624	2357	5769	8617	1710	1386	3873	6617	4094	2314	7908	6177	3954	8365	308	6247	4447	6008	2406	4053	5441	2403	714	724	6330	6242	3185	5529	910	3320
117024	408	422	2418	3066	446	3037	361	1430	2480	1051	963	1388	867	4405	881	3122	3398	1946	3435	3691	2951	3878	1647	4333	6737	3870	2096	5537	10343	3543	12213	6594
113510	1756	2139	2242	1899	2283	2205	1520	1763	2620	1796	2864	2477	1546	3130	2906	2487	2425	1417	1927	2071	1577	1919	2255	1179	2159	2036	1321	1923	1601	2258	1647	2528
112556	7165	8229	5986	2666	8390	6595	4972	4841	3160	2638	3592	3367	5402	3830	3219	4869	2390	1617	711	562	2828	1568	2835	1089	565	1389	599	639	262	390	466	317
112487	1912	2274	2370	2355	2559	1725	1165	1739	2931	2800	3002	2758	2264	3087	2462	2777	2119	1697	2407	1599	1781	2030	2253	1735	1790	1782	1962	1819	2166	1910	1618	1794
111821	693	704	752	880	1008	735	753	777	579	445	536	720	802	570	865	647	468	442	320	335	441	357	488	443	462	386	643	499	521	705	381	513
110889	712	875	817	837	740	674	490	520	1074	564	948	1073	759	1086	925	988	599	477	807	775	516	820	709	703	501	732	775	690	950	734	520	1057
110647	1661	1686	4461	971	2465	2526	10131	2949	1885	4215	2137	3628	1361	5212	1433	1544	1246	5633	1629	951	1637	857	3093	1576	2551	1147	1660	3672	776	885	2551	714
110612	964	834	1117	1493	948	1107	827	747	1767	1703	1694	1933	1349	1941	1605	1544	1675	1222	1589	885	1467	1436	1862	1552	1978	1475	1612	1433	2047	1666	1587	1849
110570	869	3013	3650	4535	2710	2633	1191	2359	5094	1906	2846	2690	2361	2979	2551	3255	1171	1425	2092	2660	977	2591	1930	1016	1030	1291	1527	2172	1885	1922	1631	3362
110501	606	950	1169	1540	538	950	2293	1680	1207	965	1476	1245	940	1306	1818	1517	2035	310	1120	2450	635	886	881	483	1833	712	1843	953	962	1856	1396	683
110183	898	805	293	896	811	705	1371	1192	1110	1041	1291	1793	1067	1400	1035	986	1340	859	966	706	777	1043	1297	757	1204	658	1082	953	985	1212	859	1316
110182	1724	1948	1237	909	2674	949	1990	920	1782	825	676	1843	1674	2156	1552	1974	1391	482	1013	675	327	558	868	275	1318	930	1080	844	1348	907	1375	1518
110170	200	141	149	55	89	231	229	234	280	248	146	181	185	179	208	177	131	70	86	83	75	182	131	70	133	127	134	125	197	134	83	154
110013	1595	1559	1684	1433	2165	2432	2647	2147	1230	1342	1343	1609	1309	1563	1205	1094	1479	891	1130	1176	707	822	955	683	2017	780	1446	1514	1686	2141	1312	1547
110008	824	621	636	480	544	472	1162	505	650	170	351	346	548	554	608	537	131	73	96	61	86	88	94	130	129	86	74	92	103	112	79	111
109625	154	90	75	118	209	175	143	192	135	162	167	126	168	185	237	203	121	295	353	514	537	686	451	621	1088	693	554	784	1676	533	2196	1487
109397	80203	543	986	455	717	708	666	145288	644	2266	636	776	872	529	681	77915	5467	6239	13044	1972	13304	16123	12819	28183	54608	52762	27210	28062	87252	42973	110451	87079
109386	688	918	1042	977	774	809	783	807	906	1042	1087	1021	1090	777	719	713	2658	1356	988	1179	928	842	1126	671	2066	1086	1788	2790	1571	2076	2323	1472
109383	419	315	323	155	279	265	383	159	239	362	328	540	347	280	433	329	2112	1649	533	3541	462	517	415	256	957	861	1089	2983	1961	2224	1749	1152
107960	960	743	784	747	1154	996	1590	1232	384	338	491	495	498	370	454	570	756	444	505	341	218	271	445	255	819	346	824	741	687	730	648	574
107890	143	310	300	309	220	308	169	169	398	631	507	479	294	311	275	343	685	581	1225	600	763	696	667	1497	814	1170	1153	976	1526	807	1835	1954
107882	1495	2163	1408	1079	3123	4322	3229	3485	1768	1435	2251	1692	2792	3451	2921	3220	1374	962	689	729	1229	1242	1012	1035	512	981	540	245	290	243	380	340
107466	1040	1158	1075	1098	1285	1106	855	974	1496	1672	1123	1773	1100	1397	894	1187	1578	1210	1265	1052	1173	876	1446	710	1250	1024	862	1176	1199	851	1042	1146
106936	1714	2454	2368	2530	2508	1330	1219	511	1266	2156	2796	2294	1492	2764	1385	2258	957	827	1147	672	503	857	1372	755	844	607	664	848	790	695	787	487
106900	156	207	241	299	267	359	215	200	664	672	540	638	520	494	550	498	1572	925	1651	1345	1230	1412	1637	1856	2768	2161	1947	2353	2351	1009	2813	2163
106629	194	255	174	153	178	182	317	205	244	662	337	516	222	358	297	167	1706	1551	688	290	270	402	892	367	998	705	267	467	322	373	625	325
106482	648	658	840	720	1035	1132	775	858	928	684	784	899	926	955	1014	1064	858	488	840	584	686	486	541	565	2125	2841	1116	1481	1089	794	1105	992
106344	395	341	512	252	1227	760	1257	2375	2614	552	1905	3356	3771	2307	1606	4012	752	543	850	907	2941	1253	1324	2775	492	519	448	400	4351	1548	920	2949
105379	186	230	206	226	220	251	169	177	499	533	541	420	413	386	426	298	2624	2178	2734	2322	1623	1440	1123	3258	2922	2866	3327	3246	2462	1334	2993	3927
104362	521	641	853	896	661	1293	1324	1971	464	625	265	303	204	262	160	337	462	229	288	585	399	665	327	329	217	4569	236	205	422	309	436	792
103886	1437	843	501	102	777	580	1022	140	1871	2897	769	2398	2949	917	2320	709	3957	2626	586	1146	3472	568	647	1900	739	1309	839	4420	2089	2463	2796	2488
103837	587	410	367	272	390	504	302	295	731	853	479	672	907	533	291	323	464	630	535	289	805	445	510	1340	787	323	876	627	1930	1240	2781	2840
103102	29854	34851	33627	36155	40290	27382	26904	22915	45425	44366	47252	46301	34277	42518	39595	41132	40698	28435	38188	28031	30729	33384	39429	31781	36335	35000	28996	35962	38510	34747	30573	36401
102733	206	151	160	119	142	106	93	170	165	240	110	183	302	324	414	211	179	138	100	101	115	122	91	67	142	130	118	161	95	131	75	124
102624	1180	1417	1191	734	1634	1173	1312	939	1977	2365	1688	2926	2216	2241	2539	1597	4557	3287	3520	2942	2801	4492	3868	8601	10107	15779	5176	5832	2478	5275	11229	5540
102601	4460	4399	4026	3427	5604	3565	4668	726	3275	522	4960	7463	1597	4514	5657	5055	1822	896	3142	1412	1727	1438	4942	5044	10913	7942	7675	7099	9513	8836	13147	11953
101299	3214	4080	4013	4114	4602	3847	2520	2789	5638	4788	5659	3854	3902	5155	4322	4625	4159	2994	3917	2748	3190	3849	3970	2913	3587	3176	3736	3879	3484	3613	2834	2872
100912	9659	11934	11067	11914	14269	11026	8152	8098	11065	11094	12388	10981	8672	11834	9593	9750	7756	8731	10506	32492	9368	7175	6930	12197	59281	36153	39083	53659	39537	50750	45405	61737
100876	530	474	517	449	713	331	747	573	402	269	247	454	359	494	315	270	504	240	321	333	120	266	493	172	401	141	429	427	388	583	339	268
99868	1200	1331	964	1032	1650	1297	1025	1311	1381	623	1186	1612	1829	2132	1595	1846	816	751	770	521	977	907	869	771	1049	619	949	758	258	1718	1061	1009
98027	699	570	616	499	708	468	682	545	637	530	273	496	729	634	279	313	389	277	279	350	162	233	351	223	428	289	409	389	114	522	442	430
97455	361	439	629	539	912	582	521	993	1542	720	1908	3290	2016	2656	1873	2482	1186	1384	1148	922	1050	1339	1120	1035	772	611	888	682	1264	1256	588	948
95440	993	847	1137	700	1443	1476	1318	1662	1910	1414	1441	2711	2944	2179	3973	2767	1165	756	829	777	2437	1428	1151	2193	531	517	608	438	3770	5663	1740	2665
95438	346	306	592	769	632	815	553	367	648	508	910	624	387	719	393	401	462	300	758	337	195	332	348	192	333	151	680	261	312	649	190	340
91421	18124	6447	24170	41156	34573	7108	23117	15445	31034	30700	40206	23817	10337	3958	11489	21632	21204	19591	20517	17019	16343	15276	18826	19386	12499	11095	23850	13254	12754	11187	14096	12325
87808	587	632	675	839	690	655	390	373	846	629	899	870	566	989	686	726	765	587	794	597	490	645	548	535	539	572	727	564	1037	797	606	788
87713	491	449	375	467	1131	826	357	1102	1002	1354	1227	1895	1662	2087	1590	2684	1283	1146	881	737	1184	1070	1287	1141	1231	973	1145	1052	2299	971	1382	1214
87710	796	873	1042	743	1154	1271	665	779	775	302	769	722	754	848	677	926	452	368	440	413	341	380	420	409	364	341	519	615	576	427	280	539
87284	2600	498	823	1071	415	830	443	717	409	552	274	621	437	459	416	361	477	434	654	417	440	938	506	916	493	790	648	669	629	547	739	526
85199	1073	1161	1189	1285	1733	1129	797	1518	549	1112	949	1179	753	1072	1088	1471	938	1015	1172	1115	792	843	1069	1153	1464	1138	768	944	291	816	963	1100
84682	353	483	443	659	867	477	425	517	997	281	623	737	461	502	666	841	425	281	327	377	163	319	658	151	676	127	162	515	899	397	1223	896
84390	441	721	440	1173	583	583	608	408	492	647	497	829	382	463	467	473	2880	3617	2270	6588	1315	1724	736	1332	2645	979	1320	2569	1495	2354	2866	1479
84209	9396	11135	11633	4720	20158	2115	14285	3447	6376	919	12936	15242	6214	6195	3192	14917	405	775	1541	229	1841	1191	1668	969	338	349	317	247	1505	1294	376	596
84116	343	454	434	551	631	661	414	426	722	309	582	476	594	608	470	533	778	511	678	722	876	720	707	932	1744	1348	1142	1170	1884	1337	1994	1966
84088	361	399	237	249	587	617	390	341	554	434	473	544	626	581	723	445	1180	618	1202	830	1398	1380	1110	1141	1538	1988	1041	1482	2216	1264	1818	2288
66261	220	296	229	446	557	453	678	489	405	415	471	355	364	436	413	331	606	472	348	636	521	602	483	558	623	359	633	635	706	583	655	660
66256	2806	2974	2367	2036	4045	2843	2890	2162	1834	4774	2662	3072	2498	2755	3737	3229	3092	2144	2797	2055	3271	2275	4133	3216	3637	6155	3177	2120	1739	1553	2026	1317
64546	16108	17633	19389	24003	19942	18571	24369	15303	13334	10864	16700	18334	17269	16149	16918	16579	18532	9649	10238	15067	3515	8182	9894	4725	9751	9190	14893	11004	7108	13441	6834	7633
54642	4300	5602	4482	2920	5476	3346	2211	833	5632	2769	3474	5116	5139	5618	5492	6132	3682	2035	1428	1779	1244	1857	2869	1350	1866	985	1020	2312	2213	2340	2306	2416
53748	771	1021	815	810	732	941	800	715	986	1200	1159	1234	1046	1223	1240	1090	877	828	965	681	715	804	902	725	952	869	842	790	906	767	830	790
50367	1210	2036	1666	822	2302	1361	1427	1344	1030	1076	1487	2105	2301	2045	2261	2378	507	777	618	961	541	718	1267	608	803	420	420	936	842	886	940	1030
49426	578	565	529	291	622	504	318	433	618	333	255	612	455	526	409	560	496	400	507	433	555	479	502	458	788	537	326	525	578	867	671	536
48419	1071	2428	1944	3312	3896	1988	2545	1913	5446	4368	4417	2806	2411	4042	2554	3089	3508	2318	3316	1790	2265	2303	2624	3157	3297	2069	2922	2187	2573	2587	2755	3261
46346	2571	2932	3016	3283	2791	2793	3056	2606	3379	3635	4194	3168	3098	3538	3234	1663	3790	2258	3032	2324	5713	2671	3262	6581	12710	3421	4287	4013	10609	2614	12827	10913
46292	811	799	896	621	553	569	481	346	876	815	915	1637	1467	983	1111	583	1185	968	615	604	1003	521	605	772	593	415	785	1446	804	1202	730	1086
46131	768	1145	990	943	1577	1412	1623	1616	1347	1000	1545	1746	1657	1878	1405	2168	3036	2212	3215	2196	2864	2818	3059	2573	6235	2869	3474	4913	2765	3175	3664	3171
46128	475	448	451	538	597	625	414	604	892	676	755	1025	762	789	720	793	1037	610	735	500	691	607	848	565	718	554	659	706	547	550	493	561
45378	803	1255	1073	1493	1460	1092	696	1025	761	1099	1282	1526	1041	1196	1095	1895	883	750	1052	1032	676	1221	1129	795	918	827	908	883	1324	981	1138	1292
43100	866	662	1174	748	1112	1160	910	358	1405	1644	1034	1523	1306	1488	2535	1389	2884	1308	3638	2972	2523	2368	2018	2269	3205	3401	3067	3067	3483	3312	3334	3769
42003	105	140	155	180	193	205	169	124	221	1904	463	739	231	452	1153	294	2539	3904	1893	6588	2907	3153	1422	2256	1378	4456	1345	1146	849	4410	751	1854
41989	837	1060	818	849	921	551	1058	674	696	535	458	794	487	463	676	999	1653	1442	1462	2525	675	2238	1259	2214	1826	988	1932	1392	2275	2913	2367	2066
41811	310	643	349	514	510	388	457	488	627	609	516	843	335	520	599	373	435	463	716	263	322	261	431	373	470	518	554	431	354	427	494	441
41683	793	759	784	809	772	751	902	684	604	582	1025	1090	828	508	734	817	746	381	364	201	189	383	337	171	318	217	561	278	200	512	1266	215
41682	407	419	206	542	555	552	496	328	398	288	502	563	353	664	238	450	364	270	214	297	163	259	276	228	182	254	357	353	270	433	169	259
34126	1869	2914	2606	1895	4045	1962	2890	1757	1834	4930	2662	3072	2498	2328	3683	2626	3092	2144	2844	1655	3124	1379	3745	3175	3001	5519	2475	1157	1381	749	2026	1317
34110	765	1226	888	488	1417	1475	819	967	1597	1908	1353	1308	963	1100	1063	685	3003	3048	11344	3864	8026	8892	7127	6897	17164	13235	13312	16233	9137	10809	9668	28679
34089	781	775	887	750	2580	846	903	3687	1752	791	573	755	1621	695	1507	760	949	2189	774	629	1240	798	855	989	2070	1130	2863	1301	3334	1849	281	2714
34085	1243	1145	972	1039	1204	1130	1561	795	1816	3301	1720	2879	1954	1468	2306	1723	7638	5208	7069	4317	7614	1451	7404	7849	3011	10046	1680	5131	6924	3983	22733	9743
34028	381	228	260	274	342	181	210	224	597	485	329	362	331	275	249	240	922	646	847	857	861	499	700	726	2309	4976	1356	1672	532	487	921	631
33997	784	812	827	180	253	1610	1042	369	469	655	543	564	605	1382	574	752	1464	585	2361	1485	653	1792	940	1705	1424	1052	2380	493	3987	2756	1561	2662
33401	135	137	162	76	178	267	176	196	211	275	109	175	266	225	200	178	285	99	188	136	214	180	209	275	281	255	224	316	375	343	672	551
33006	878	356	407	348	615	360	354	233	223	95	170	260	226	257	270	313	156	122	161	116	187	158	294	278	279	191	224	237	210	153	280	228
32528	497	444	379	395	850	563	528	440	329	219	406	392	404	502	567	516	476	361	537	537	643	571	567	502	784	403	538	667	591	422	491	599
32247	349	329	477	380	397	585	322	196	641	382	739	590	422	957	858	489	713	599	1262	1313	788	1613	912	982	1228	1233	2057	996	3784	3170	1230	2599
31960	5648	2970	2709	2223	6137	3753	4924	3130	763	22262	701	859	993	701	587	876	1295	875	1576	988	1419	912	1406	1677	3788	2943	2108	3300	3782	1745	4024	2749
31756	584	474	422	476	733	624	627	546	1405	1480	1626	1040	1256	1203	964	1126	4934	3451	4910	3139	4032	2521	4288	3856	6095	3977	5599	5321	5171	1335	6348	2908
31695	105	58	127	113	181	168	107	99	232	181	136	137	252	143	210	173	263	271	354	338	524	601	311	616	1663	762	259	373	3302	1344	2973	2934
31688	422	364	263	243	301	404	349	232	336	507	288	271	362	142	559	239	570	461	573	338	546	428	550	505	947	1340	733	680	1401	738	975	1011
31664	332	622	450	490	519	593	416	469	451	473	442	584	387	570	453	369	1133	740	153	199	391	52	725	762	1369	839	331	1436	1209	805	2353	1323
31599	130	140	54	129	271	76	191	368	278	378	300	259	185	291	342	203	823	616	1899	1499	1165	1675	1070	2155	4254	3152	2185	2372	7598	3317	3971	7206
31556	173	200	221	177	270	307	177	211	474	316	292	325	426	616	2340	435	387	511	689	546	685	764	725	887	1487	1425	1038	1323	1492	763	1685	1632
31408	8853	12286	7633	8738	13215	8848	9322	8805	13643	13656	14228	19296	7948	9887	10454	9394	10411	8002	12286	5733	6967	3775	9203	7541	9591	9310	11951	8973	5400	8471	7895	7760
31359	1662	1757	1582	1562	1921	1322	1202	1701	2554	1965	2095	3094	1497	2283	1791	2384	2121	1102	1642	1543	1540	1381	1598	1450	2005	1673	1101	2024	1858	1416	1989	1801
31357	4630	7912	7007	6201	9734	9639	6036	9351	21860	19643	21008	24310	17965	23631	16137	17264	25533	22625	18550	13361	28569	20933	27699	19418	17761	14244	18108	15816	27497	19752	11032	16220
31285	2225	2398	2756	2517	2767	2788	2255	1666	4305	2781	2235	3622	1770	2502	3214	2652	3006	1937	3052	1776	2259	2100	3034	3699	2674	2577	3092	1958	2237	3127	2622	1695
31223	1196	888	825	1121	1173	929	983	463	873	1321	1212	1457	777	1349	781	1230	585	537	763	308	653	472	607	512	739	1416	492	463	472	262	330	252
31169	559	364	2217	2828	572	1291	419	4610	466	353	794	258	429	497	418	247	391	233	413	371	188	311	390	204	568	421	429	545	417	599	370	472
25321	2535	5639	4088	3616	3527	2394	3067	11137	963	2106	1655	6242	4974	2129	3271	4530	3308	4791	1905	3923	1555	993	1151	2904	1435	1965	833	641	539	670	1290	623
23635	5935	6037	5419	6994	8073	5264	4723	4972	8432	6675	8051	8263	5487	6377	3310	7279	6956	3165	6937	4529	5277	4553	7283	5082	5256	4231	6150	5839	4917	5278	5902	4937
23001	3651	1292	3757	1236	1328	2831	3329	1718	4425	15570	2084	4168	7204	5625	7691	1196	8617	3068	2472	3182	10329	7086	5818	18592	13098	23813	5511	6526	10425	4514	14403	10365
22885	312	253	216	323	245	408	259	354	556	567	553	434	450	512	423	387	637	457	489	173	416	339	371	314	468	304	335	345	395	453	365	538
22735	2338	6132	4837	4345	3739	3679	3545	8326	1179	1442	1900	4908	4844	3383	4779	3930	3205	4170	2284	4709	1424	1633	2612	3047	1551	2718	1103	1018	664	976	1226	1006
22444	528	697	703	223	752	725	459	146	637	157	799	727	725	754	829	803	392	451	548	500	527	514	650	495	467	523	551	614	545	537	192	574
21802	2274	1805	1983	1638	4622	4127	2363	3265	1683	816	1698	1565	2830	1840	1898	2803	907	445	911	522	1164	1089	1018	1703	958	710	1020	1141	1731	951	1141	1142
21683	1041	794	731	558	786	637	629	384	1004	1029	900	1388	1186	987	920	875	1443	828	636	838	1178	764	1127	981	1219	638	776	1318	1167	1331	1343	1336
20903	4210	3390	3473	2043	4297	3667	3523	3644	2349	1719	1788	1935	2421	976	1758	1925	1492	774	1094	783	895	597	1012	993	1040	1023	1180	1067	1035	860	1195	744
18082	4491	4906	4513	5586	6446	4724	3893	3599	7756	7103	6650	6215	5483	6294	4963	6747	5292	3917	5275	3750	4424	4125	4780	4124	5259	3871	4060	4095	3648	4358	4009	4281
18002	123	182	90	382	181	109	185	118	212	766	135	205	89	152	165	233	685	716	1328	394	506	506	581	1107	1235	1650	1330	1552	1854	935	2103	1939
17664	2224	1533	4955	3616	3543	2230	2990	2715	3783	4593	3374	3245	2078	5998	4605	4055	2546	2462	3771	4535	2917	1544	2172	2439	2848	1366	2857	2854	3642	4585	3121	4597
17651	369	223	322	193	329	323	235	294	520	394	177	450	348	494	252	395	398	72	257	306	435	297	380	291	318	311	336	275	301	325	217	76
17463	587	541	603	535	617	618	419	492	621	460	488	625	642	681	491	772	860	599	621	634	587	687	635	565	1116	786	773	900	850	725	737	852
17144	583	399	404	190	386	601	521	390	671	924	608	671	1055	666	952	645	5148	3554	2986	3423	4970	4792	4110	6226	11424	9214	6755	10599	10915	7332	11176	9723
17076	6843	8395	8312	7608	25299	19502	17156	16155	9374	5686	10167	10639	16022	16964	16102	14328	6369	3178	3787	2825	8677	7333	7551	5830	7827	4338	4628	6170	9229	4980	4449	6325
17068	1019	1019	995	1369	1226	1674	565	1053	3027	1713	1555	1569	2273	1006	1170	1331	1086	1496	1269	813	1418	931	1129	1107	1678	1101	1088	896	695	544	855	886
16947	259	192	261	172	418	284	186	313	290	228	223	274	243	149	245	247	538	275	535	548	275	362	242	416	760	496	584	529	940	928	1215	953
16809	2127	753	2250	2048	2806	1981	3038	2087	1853	2681	3011	3943	3043	2874	3127	3161	9348	8755	9088	12796	10628	13310	8756	13046	28813	11523	15969	18344	17634	12354	20054	18679
16794	1538	1201	1775	1388	1940	1788	1671	3443	2496	610	873	1647	2922	1074	1367	1609	1068	392	141	219	135	188	402	285	150	304	7424	272	205	317	103	308
16788	592	701	719	521	510	461	523	328	322	298	505	443	521	511	278	364	600	360	354	270	242	285	127	300	552	241	419	745	615	667	405	383
16572	2231	3017	3004	2516	3391	3027	2060	2292	3618	2974	3892	3646	1702	2132	3452	3645	2815	2406	2864	1797	2259	2550	3538	2551	2863	2714	3127	2738	3049	2837	2561	3045
16561	739	667	609	631	790	800	594	542	986	803	968	837	911	836	691	852	610	549	516	370	537	336	528	455	413	436	456	648	348	454	421	617
14736	513	562	639	445	754	709	514	602	874	532	558	640	733	805	432	817	1002	797	810	713	988	1094	937	790	1681	230	1150	1381	1110	616	971	1213
12444	144	132	169	191	317	335	271	216	575	199	393	332	436	507	355	382	488	333	616	460	532	796	695	924	975	192	742	396	2362	972	2190	1544
12087	700	334	2343	1264	711	1641	273	3595	586	136	906	1074	400	535	458	270	1152	183	283	295	330	209	62	142	587	158	181	263	144	688	170	507
11841	122	598	464	494	631	678	762	144	648	475	269	272	143	795	545	597	273	333	1056	314	504	451	1204	194	431	609	769	257	592	561	865	688
11731	711	666	647	635	1012	971	1124	1045	940	673	781	1481	686	691	771	872	1925	1307	1800	1396	1586	1813	1631	2160	2669	2896	1968	2204	2607	1129	2396	1739
11481	1030	799	896	621	615	833	680	346	876	815	1053	1601	1467	983	1111	583	1185	968	615	604	1078	521	348	772	593	415	785	1446	804	1202	877	1086
11353	151	140	204	180	217	181	147	173	418	219	359	329	297	498	459	314	532	329	432	499	522	600	527	538	1149	1185	855	849	1158	647	725	926
10176	647	487	661	488	932	832	1128	550	1147	1487	1139	1269	1258	1407	1465	1069	3179	1851	2753	2178	2078	3049	3094	3148	5811	3234	3023	4961	7020	4232	7263	6588
8270	772	554	507	313	1068	739	1811	842	572	277	408	533	603	611	434	807	346	202	125	234	151	121	243	195	330	287	285	351	283	203	147	148
7490	383	338	453	241	509	511	463	126	540	342	294	756	387	437	914	717	615	602	724	442	542	698	602	523	952	655	679	791	582	887	715	775
7458	921	710	431	821	927	978	1025	653	637	504	924	767	610	1234	594	761	624	517	840	784	122	953	815	549	508	672	930	759	839	810	527	1002
7444	3601	4644	4743	4917	4236	3460	2348	2191	3306	2763	5519	5161	3536	2216	3732	4441	3171	2249	3053	1697	2822	2707	3429	3377	2953	2499	3000	2873	2446	2164	2556	2684
7053	559	524	631	488	905	941	635	1033	997	458	1208	732	1076	1396	939	745	820	398	598	373	761	662	755	811	1697	746	785	1350	770	1124	1673	905
6646	4509	4412	4486	4038	4702	3760	5707	4250	3039	2995	4732	5540	4600	2819	3535	1975	3763	1214	1901	1371	696	1818	1674	744	1397	1336	2471	1437	836	1982	1275	839
6376	391	328	174	55	259	319	148	253	407	368	359	442	412	275	369	206	401	351	212	385	279	315	374	293	463	237	372	365	361	339	381	322
6324	2574	4296	4349	3786	3124	4003	2582	1663	4565	2106	4905	3940	2422	4663	4150	3475	2482	2143	3452	3279	1733	3141	2762	2294	1245	2843	3388	1553	2995	3137	1601	3463
6050	3345	4204	5262	1997	5904	5710	3256	6010	5808	8372	5015	2711	7100	4635	5974	8139	7551	5392	4623	946	5212	3031	5209	2578	15667	4289	6193	6369	3555	5689	14140	4147
5990	421	463	589	391	705	568	493	619	582	507	439	535	608	648	655	711	686	470	565	368	427	270	438	478	604	628	520	626	493	430	595	478
5930	7240	8054	6184	2909	8822	6884	5094	4870	3629	2543	3658	3234	5431	3583	3061	5256	1474	1751	711	562	1941	1661	2622	1012	565	1475	599	639	262	390	466	317
5900	304	272	361	336	324	302	266	140	430	660	474	617	349	526	553	374	935	525	709	678	678	806	815	717	711	890	844	861	810	915	762	1246
5691	1867	2383	2432	2330	2049	813	1397	1598	1193	1824	1725	1614	1457	1189	1513	1267	1627	1772	2110	1226	2463	1958	1689	2103	1813	2193	1390	1384	1190	1547	1929	1970
5471	4264	5529	6367	5528	5499	4547	3665	3047	6760	3186	7517	6874	4904	5694	3705	5693	2279	1985	3546	845	1487	1874	2118	1928	1356	1225	1854	1437	1324	1750	1050	1619
5346	4017	3981	3727	4939	5637	3788	3021	3481	6025	4783	5771	6075	3142	5791	4470	5274	5697	3778	5451	4143	4181	3095	5817	3750	4574	4554	4485	3168	3802	4118	3635	3531
5121	1797	1862	2251	1915	2066	2325	1940	1296	1678	1138	2241	1846	1904	2694	2327	1691	1285	1129	1671	1544	1136	1319	1309	1214	1090	852	1670	1599	1385	1549	959	2183
5085	4913	4980	1516	4763	8048	6482	9296	10111	7478	4071	6551	11112	5982	1491	3199	6524	7167	5461	4927	2546	1588	1689	2837	1164	2405	1067	4391	3661	1003	3125	2379	1563
4945	1490	2136	1638	995	1889	1123	1583	1299	2050	1281	1456	2240	2825	2316	2856	2106	3282	1620	828	1499	1437	1532	1975	590	1605	1145	1049	3292	1811	2632	2842	3576
4937	1144	931	488	440	1154	410	868	783	1216	685	336	1288	1205	1346	1179	1029	1156	844	226	926	781	1029	1187	854	80	1148	441	1438	1018	1029	778	1324
4929	1211	2095	2393	3601	3275	2526	1328	2902	3402	716	2340	1798	2022	2682	1971	3161	1037	614	953	1009	478	938	1346	449	480	251	481	602	607	414	425	815
4746	530	381	588	666	471	464	358	360	687	396	508	401	336	641	382	375	514	317	457	292	415	300	352	425	590	639	486	511	456	379	342	390
4744	179	419	312	147	616	546	590	633	188	188	164	327	297	253	1437	330	318	191	163	223	147	232	159	449	102	208	223	183	149	142	126	169
4723	371	439	345	480	469	342	407	328	483	366	374	391	204	350	343	449	699	602	500	523	404	403	361	589	337	444	302	416	455	494	433	416
4721	274	341	338	461	291	334	213	290	273	226	258	365	275	319	337	322	263	233	209	170	263	238	303	365	188	145	225	196	223	402	148	200
4603	270	1157	1062	928	1257	868	1087	1565	1664	1359	1735	1860	2018	1842	1734	1920	1824	1372	1276	1538	1178	1202	1588	1185	1276	809	937	1203	1290	1373	1412	1300
4559	1029	1068	1077	365	618	1447	837	918	772	935	854	1217	1016	1181	1370	877	1431	608	1168	1165	1149	1269	1563	1582	2594	2456	1655	2643	2941	2233	2176	2677
4550	1992	1456	2550	2428	1891	3023	1926	1092	1634	1328	2491	2143	161	3805	3430	1866	2388	1400	1464	1908	1331	2247	1922	1223	1194	1545	1947	1998	1846	2329	1156	2772
4546	2515	1170	1429	2137	4127	429	3440	3532	3090	1653	2873	4779	2824	3071	1832	3165	3405	2414	2234	1414	956	1055	1369	392	1503	739	2790	1565	1015	2344	1432	688
4543	2551	2451	1458	2575	2897	1447	2457	2639	1710	791	1934	2839	2243	2363	2951	1142	1113	865	799	500	380	627	9851	606	484	679	754	550	450	676	574	574
4531	590	759	780	379	611	734	606	300	591	510	839	374	584	675	796	702	657	492	473	350	485	400	358	478	437	398	490	567	472	571	361	370
4529	2009	2771	2442	220	3185	2623	185	257	2811	155	2897	3141	263	2956	2438	213	462	435	695	586	497	443	487	660	1728	583	844	1079	946	383	1327	651
4292	1146	884	3677	2285	1193	3097	591	3854	1423	288	1648	158	932	1616	555	787	755	401	632	432	146	361	379	237	428	334	178	295	358	1188	142	157
4219	3144	1653	2978	2052	3959	4841	5776	2849	3289	2221	3885	5384	2219	4205	2604	2790	2265	1800	1861	1822	1411	1536	2058	1162	1568	1301	4048	1702	2132	3822	1008	1603
3582	2460	1793	4501	2309	4540	8392	664	9314	2552	6617	3902	2322	7990	5281	3703	7934	10797	6247	337	6008	278	4053	5441	2403	714	724	555	634	2930	5529	910	1092
3465	382	379	515	130	559	462	307	599	216	310	194	215	572	578	445	605	722	323	970	397	326	753	497	203	1197	1014	319	215	486	221	1349	1375
3248	177	184	202	152	245	192	120	211	349	219	273	193	232	325	393	248	646	411	718	590	619	750	594	898	1706	958	1171	1169	2397	1052	2249	2850
3228	1396	1085	1070	938	332	1140	931	1182	2581	2411	297	1831	1270	1028	1027	1251	1443	1869	2285	782	1641	965	1421	1107	535	826	1382	1023	1086	1527	950	1029
3200	1009	1004	1040	984	1420	1189	1345	1208	1676	1449	1017	2163	1653	1506	1686	1245	1389	1090	986	823	986	1314	887	899	1269	1424	1148	1533	1207	1136	1028	1238
3143	1247	1325	1552	1309	912	766	855	1051	913	869	880	831	779	504	421	548	1498	965	825	690	867	590	848	918	1168	1279	1065	1413	814	565	938	429
3029	154	176	170	206	804	152	180	367	945	228	262	206	456	188	543	195	358	886	186	135	557	239	153	140	111	328	585	203	159	204	138	157
2936	4521	12478	10007	10029	13357	11001	9252	9852	17626	15664	14724	16638	12157	15128	12943	15806	14769	8373	13979	10040	10723	10611	5811	10613	12434	11489	12194	12951	12033	11601	11660	11891
2900	776	5331	6297	5459	3721	3195	3771	9212	4303	4080	3786	5051	4394	4331	4299	3216	6736	5432	913	2894	7844	5423	3837	7027	8517	8852	8624	9593	4608	5465	803	5866
2476	14917	14607	12667	7582	12741	9067	9706	13188	7524	4557	10791	15745	9483	7399	6730	9542	5136	4352	3509	2678	3251	3122	3729	3368	3365	3827	4492	4719	6178	2615	4464	3557
2439	975	676	1010	871	1243	1498	1293	1495	841	1237	941	1620	1047	551	895	749	1657	1272	1580	1231	1036	987	1069	834	1552	1066	1089	1355	777	1053	1090	1076
2438	401	494	475	391	105	171	66	119	267	294	273	397	102	208	269	198	381	267	363	289	408	355	220	598	741	1033	804	894	495	433	469	655
2061	4629	5204	5034	5346	6453	4992	3663	4207	7381	7103	5958	6614	5826	5728	5300	6175	5933	4159	5339	3750	4156	4125	5617	4244	4697	4662	4709	5043	4165	4017	4097	4396
2039	726	1034	927	885	1045	924	891	1121	2159	1659	1920	1829	1850	2007	1981	1529	2017	1358	1371	889	1540	1342	1556	388	2187	1099	1691	1531	1678	1667	941	987
2001	185	194	263	223	96	173	143	728	366	112	264	387	236	338	363	321	147	229	1232	885	202	283	676	482	3000	365	262	208	292	380	308	747
1996	1369	1334	1534	1311	1619	1706	1546	1016	1400	765	1385	1476	1315	1598	1476	1491	1076	703	1041	1092	1061	1025	1144	1139	1829	889	950	1399	2346	2877	2289	2542
1981	3062	3933	4159	2138	9746	8645	6360	5782	7884	4963	7627	6714	10146	10671	9639	10981	4414	3604	5631	3265	7334	9122	9832	6217	7177	4979	5110	5998	12738	7901	10254	9190
1941	2142	3536	3170	4580	3580	2171	354	5324	3899	832	5017	2716	3055	2683	1027	3388	337	262	366	133	202	181	257	264	222	191	186	395	205	183	233	275
1925	3508	2163	3864	3206	3822	3403	2342	2844	1643	1833	4796	4243	3752	4222	4251	3716	2577	2334	2968	1906	1645	1776	2636	2342	3483	2176	2533	3010	1733	3160	2570	2884
1922	1018	1228	1165	916	1398	919	820	830	1244	862	1735	1494	910	1506	950	1393	299	323	460	752	346	235	514	384	287	437	290	290	2684	270	350	341
1912	798	787	672	798	1115	826	640	756	1434	923	1194	1057	796	1231	1099	1288	1189	804	979	783	898	984	1078	378	1099	904	1007	1155	934	922	843	1091
1878	2846	3069	2066	2930	3792	3191	793	2028	2758	2932	4004	4633	2006	3773	3294	4121	3783	2926	3968	2862	3449	2767	4250	3421	4499	3997	3789	3384	3724	4005	4355	3673
1875	1588	2404	2729	2256	3709	1624	2186	2098	2807	3655	3766	4517	2626	3972	3371	3994	4029	2591	4099	2790	2992	1904	4062	2954	3482	2931	3132	3150	2782	2697	2889	2795
1872	3980	4339	3987	4542	5528	4792	3450	3351	6714	5792	6551	6129	3758	6229	5109	6490	5935	3933	5808	3943	4328	3030	6340	4151	4861	4300	4526	4497	3966	3949	3967	4392
1862	1912	2443	2370	2340	2559	1725	1575	1739	2931	2800	3002	2596	2264	3015	2462	2777	2096	1697	2175	1743	1781	1746	2021	1790	1297	1349	1962	1886	2076	1910	1618	1794
1806	349	477	599	504	499	422	405	572	727	771	696	727	790	697	705	753	1068	932	1056	769	1093	1651	953	2083	1450	1688	2004	1519	3811	2237	2140	3273
1772	433	552	423	501	511	697	365	613	881	924	496	756	841	868	707	781	898	574	715	607	615	781	374	383	560	519	497	551	484	681	628	845
1708	865	1099	1131	1116	906	714	928	917	1009	320	1108	1284	883	962	820	1181	368	208	334	309	270	358	417	330	358	200	259	261	212	157	295	470
1706	1038	1179	1033	1353	1597	1429	1133	1525	1182	1903	1591	1776	1450	1491	1286	1659	1794	853	1420	1007	1027	1151	1789	968	1234	940	1290	1539	1400	1264	1293	1555
1704	618	1213	466	1270	3758	636	454	2815	2740	1310	1272	826	1973	935	2586	1447	3470	1991	513	528	1203	789	1292	738	540	940	3136	836	500	539	575	946
1064	2107	692	684	758	968	665	497	625	913	1004	770	2696	3173	500	905	682	798	525	760	695	700	588	1255	1820	2313	942	909	2836	1132	822	925	1473
1029	3409	10346	7008	10626	11287	6512	7975	9042	15714	14929	13738	11400	10765	10085	4724	10418	7398	6445	11182	7568	10165	9323	9979	9759	2347	7941	9957	10622	7984	9747	7707	10336
892	2529	625	683	1650	730	1508	965	1145	1066	1509	1223	161	296	1113	1227	713	518	1680	776	591	1090	1517	1488	532	963	697	724	174	900	703	688	514
816	1415	1626	1413	1668	2101	1360	2206	1618	1303	988	1749	1836	1722	1136	678	1612	1215	1050	1023	895	906	904	1031	780	652	602	1644	2024	1271	860	1232	909
812	2257	3196	1771	492	2875	1117	1585	1990	1299	710	2793	3495	2351	1957	3019	2674	1123	1157	613	420	630	490	774	832	464	482	259	969	158	809	706	741
782	649	1163	709	265	476	165	513	355	211	151	209	820	1430	265	985	2239	169	128	108	315	290	150	193	84	158	120	83	81	182	106	106	190
657	2340	1436	4506	3650	3659	2560	2874	2908	4114	4949	3374	3346	2342	6324	5111	3743	2466	2462	3792	4403	3228	2478	3820	2549	3252	1366	3411	2854	3493	4585	2817	4677
573	9852	12094	9903	5930	10346	6222	5938	8758	7036	5361	7407	11347	6490	2382	5222	13200	662	3707	2015	4002	856	4106	5677	2644	4189	1991	2125	4249	4839	5051	4425	5350
458	8830	6142	5439	3448	9617	8765	10192	2182	2273	1261	2881	3792	5030	2629	3065	4992	2399	1421	5092	1411	3479	1997	3619	4046	6410	10550	5447	3617	12398	5850	5078	3670
453	18009	12239	23293	41153	33353	23512	22699	14891	29298	29123	39771	23193	8247	19718	11227	19930	22741	18376	52928	13603	19805	15276	10494	19386	11302	9061	23850	13871	7993	9207	9197	12325
448	404	431	484	329	348	426	356	150	476	354	556	635	381	651	535	378	407	451	907	799	427	427	743	694	637	732	629	674	1415	1169	580	1261
443	18158	26034	18485	17728	24504	13058	13670	7739	23719	28071	37551	29488	12238	21852	5023	31875	1665	15948	20219	22665	15962	21420	15922	17440	7767	11925	15581	25603	24743	25625	13412	6580
307	9272	8298	7519	13383	8921	6896	8342	2901	5149	4702	5062	7431	2945	6575	9369	3233	20774	20197	20446	28520	18152	17921	11004	12899	17107	16483	14084	15810	11210	15430	9776	15286
299	9389	4762	5475	7002	11495	6901	8834	3785	1740	1421	2153	1429	1910	2330	2094	2218	1411	787	1364	1088	886	820	1154	1137	1319	1484	1168	1075	1005	787	840	840
236	1297	1254	9858	15651	1702	4984	962	8042	1655	693	3905	610	903	1931	687	743	1336	784	599	818	449	429	751	334	1067	539	947	1551	857	1188	752	746
168	883	952	934	595	502	582	1746	2194	595	1257	1049	331	621	691	892	489	1720	1524	892	436	552	581	1219	548	1160	656	290	896	676	579	281	548
137	64176	72432	74655	74231	83411	62972	53350	55735	91835	89157	98034	85491	66893	92623	70785	86331	72013	51453	75039	56317	52966	60182	69161	54124	61372	57152	64288	64021	63788	60816	50634	61337
134	9072	8329	4385	1708	951	2414	16895	20437	1354	1480	3573	7464	1260	8167	6348	1573	3272	2951	1255	300	227	381	2507	630	2168	1340	1091	776	577	774	1110	1033
99	16399	16983	19720	24334	21243	18400	24820	14766	12953	10691	19214	18066	17067	2195	17255	16336	18729	9500	10119	14826	4371	475	9588	4515	10002	9361	15320	10867	7046	14216	7040	7990
91	16815	23581	27788	28925	35148	27813	14913	17525	39221	16122	40422	17409	18907	54601	35524	36301	28941	19386	46329	47993	31103	79747	47708	39987	31355	52662	73868	35188	80994	83724	38035	82646
62	8114	8792	8182	10471	10818	8087	6267	7398	13826	12314	10375	11276	9035	2373	7522	11874	10404	6951	9753	6506	7260	6069	10226	7415	9345	8080	7954	7697	7037	6462	7165	7454
54	9546	12105	13532	13525	15816	12670	9565	11600	11615	8936	12991	13370	11306	10447	13347	12539	13539	10096	10838	6990	1498	4792	4909	5019	9763	7526	10963	10111	8724	6362	8998	10647
47	9011	9402	8326	10504	11661	8698	6878	7397	14921	13813	12685	14737	9151	11966	10280	659	12124	8692	12522	8191	6875	9340	13207	9514	13761	10603	12375	10870	9258	13510	13318	9401
'
library(pacman)
pacman::p_load(data.table,parallel, ez, userfriendlyscience)
# read.data
{
data.list = WCMC.Fansly::MetaboAnalystFormat(input=input, row_start = 4)
p = data.list$p
f = data.list$f
e = data.list$e
}
e = as.matrix(e)
# e = t(apply(e,1,function(x){
#   x[is.na(x)] = 0.5*min(x,na.rm = T)+rnorm(sum(is.na(x)),mean=0,sd = 0.1)
#   return(x)
# }))
multicore = Sys.info()['sysname']=="Windows"
if(multicore){
cl = makeCluster(min(detectCores(),20))
}else{
cl = makeCluster(1)
}
ezANOVA(data = data.frame(value=e[j,],var1=p[[2]],var2=p[[3]],id=as.factor(p[[4]])),
dv = value, wid = id, between = .(var1),within=.(var2), type = 3)
test = ezANOVA(data = data.frame(value=e[j,],var1=p[[2]],var2=p[[3]],id=as.factor(p[[4]])),
dv = value, wid = id, between = .(var1),within=.(var2), type = 3)
test$ANOVA[1,'p']
return(c(test$ANOVA[1,'p'],test$`Sphericity Corrections`[,'p[GG']))
c(test$ANOVA[1,'p'],test$`Sphericity Corrections`[,'p[GG'])
test$`Sphericity Corrections`
c(test$ANOVA[1,'p'],test$`Sphericity Corrections`[,'p[GG]'])
twowayMixedANOVA = parSapply(cl,1:nrow(e),function(j,e,p,ezANOVA){
test = ezANOVA(data = data.frame(value=e[j,],var1=p[[2]],var2=p[[3]],id=as.factor(p[[4]])),
dv = value, wid = id, between = .(var1),within=.(var2), type = 3)
return(c(test$ANOVA[1,'p'],test$`Sphericity Corrections`[,'p[GG]']))
},e,p,ezANOVA)
twowayMixedANOVA
c(paste0("ANOVA (",colnames(p)[2],")"), paste0("ANOVA (",colnames(p)[3], ")"), paste0(colnames(p)[c(2,3)], collapse = "*"))
rownames(twowayMixedANOVA) = c(paste0("ANOVA (",colnames(p)[2],")"), paste0("ANOVA (",colnames(p)[3], ")"), paste0(colnames(p)[c(2,3)], collapse = "*"))
twowayMixedANOVA = t(twowayMixedANOVA[c(3,1,2),])
head(twowayMixedANOVA)
posthocNeeded = T
length(unique(p[[2]]))==2
simpleMainEffect1.by = by(p,p[[3]],FUN = function(x){
# x=p[p[[3]]==p[[3]][1],]
e.=e[,p[[3]]%in%x[[3]]];p.=x;
t_test = parSapply(cl,1:nrow(e.),function(j,e.,p.){
oneway.test(e.[j,] ~ as.factor(p.[[2]]), var.equal = FALSE)$p.value
},e.,p.)
t_test_FDR = p.adjust(t_test,"fdr")
return(data.frame(t_test,t_test_FDR))
})
simpleMainEffect1.by
simpleMainEffect1 = do.call(cbind,simpleMainEffect1.by)
colnames(simpleMainEffect1) = rep(paste0(paste0(levels(as.factor(p[[2]])),collapse = " vs ")," @",names(simpleMainEffect1.by)),each=2)
colnames(simpleMainEffect1) = paste0(colnames(simpleMainEffect1),rep(c(""," (FDR)"),ncol(simpleMainEffect1)/2))
head(simpleMainEffect1)
simpleMainEffect1. = by(p,p[[3]],FUN=function(x){
# x=p[p[[3]]==p[[3]][1],]
e.=e[,p[[3]]%in%x[[3]]];p.=x
ANOVA = parSapply(cl,1:nrow(e.),function(j,e.,p.,posthocTGH){
paraANOVAposthoc = posthocTGH(e.[j,],as.factor(p.[[2]]),digits = 4)$output[["games.howell"]][,6]
return(c(oneway.test(e.[j,] ~ as.factor(p.[[2]]), var.equal = FALSE)$p.value,paraANOVAposthoc))
},e.,p.,posthocTGH)
ANOVA = data.frame(t(ANOVA))
colnames(ANOVA)=paste0(c(paste0("ANOVA (",colnames(p.)[2],")"),
gsub("-"," vs ",rownames(posthocTGH(e.[1,],as.factor(p.[[2]]),digits = 4)$output[["games.howell"]]))),
paste0(" @",unique(p.[[3]])))
return(ANOVA)
})
names(simpleMainEffect1.) = rep("",length(names(simpleMainEffect1.)))
simpleMainEffect1 = do.call(cbind,simpleMainEffect1.)
simpleMainEffect1.
simpleMainEffect1.by = by(p,p[[3]],FUN = function(x){
# x=p[p[[3]]==p[[3]][1],]
e.=e[,p[[3]]%in%x[[3]]];p.=x;
t_test = parSapply(cl,1:nrow(e.),function(j,e.,p.){
oneway.test(e.[j,] ~ as.factor(p.[[2]]), var.equal = FALSE)$p.value
},e.,p.)
t_test_FDR = p.adjust(t_test,"fdr")
return(data.frame(t_test,t_test_FDR))
})
simpleMainEffect1 = do.call(cbind,simpleMainEffect1.by)
colnames(simpleMainEffect1) = rep(paste0(paste0(levels(as.factor(p[[2]])),collapse = " vs ")," @",names(simpleMainEffect1.by)),each=2)
colnames(simpleMainEffect1) = paste0(colnames(simpleMainEffect1),rep(c(""," (FDR)"),ncol(simpleMainEffect1)/2))
head(simpleMainEffect1.by)
colnames(simpleMainEffect1)
head(simpleMainEffect1)
length(unique(p[[3]]))==2
# x=p[p[[2]]==p[[2]][1],]
e.=e[,p[[2]]%in%x[[2]]];p.=x;
t_test = parSapply(cl,1:nrow(e.),function(j,e.,p.){
oneway.test(e.[j,] ~ as.factor(p.[[3]]), var.equal = FALSE, paired = T)$p.value
},e.,p.)
t_test_FDR = p.adjust(t_test,"fdr")
return(data.frame(t_test,t_test_FDR))
})
simpleMainEffect2 = do.call(cbind,simpleMainEffect2.by)
colnames(simpleMainEffect2) = rep(paste0(paste0(levels(as.factor(p[[3]])),collapse = " vs ")," @",names(simpleMainEffect2.by)),each=2)
colnames(simpleMainEffect2) = paste0(colnames(simpleMainEffect2),rep(c(""," (FDR)"),ncol(simpleMainEffect2)/2))
simpleMainEffect2.by = by(p,p[[2]],FUN = function(x){
# x=p[p[[2]]==p[[2]][1],]
e.=e[,p[[2]]%in%x[[2]]];p.=x;
t_test = parSapply(cl,1:nrow(e.),function(j,e.,p.){
oneway.test(e.[j,] ~ as.factor(p.[[3]]), var.equal = FALSE, paired = T)$p.value
},e.,p.)
t_test_FDR = p.adjust(t_test,"fdr")
return(data.frame(t_test,t_test_FDR))
})
?oneway.test
?t.test
parSapply(cl,1:nrow(e.),function(j,e.,p.){
t.test(e.[j,] ~ as.factor(p.[[3]]), var.equal = FALSE, paired = T)$p.value
},e.,p.)
# x=p[p[[2]]==p[[2]][1],]
e.=e[,p[[2]]%in%x[[2]]];p.=x;
t_test = parSapply(cl,1:nrow(e.),function(j,e.,p.){
t.test(e.[j,] ~ as.factor(p.[[3]]), var.equal = FALSE, paired = T)$p.value
},e.,p.)
t_test_FDR = p.adjust(t_test,"fdr")
return(data.frame(t_test,t_test_FDR))
})
simpleMainEffect2.by = by(p,p[[2]],FUN = function(x){
# x=p[p[[2]]==p[[2]][1],]
e.=e[,p[[2]]%in%x[[2]]];p.=x;
t_test = parSapply(cl,1:nrow(e.),function(j,e.,p.){
t.test(e.[j,] ~ as.factor(p.[[3]]), var.equal = FALSE, paired = T)$p.value
},e.,p.)
t_test_FDR = p.adjust(t_test,"fdr")
return(data.frame(t_test,t_test_FDR))
})
x=p[p[[2]]==p[[2]][1],]
e.=e[,p[[2]]%in%x[[2]]];p.=x
e.
p.
data = data.frame(value=e.[j,],var2=p.[[2]],id=as.factor(p[[4]]))
j = 1
p.[[2]]
as.factor(p[[4]])
data = data.frame(value=e.[j,],var2=p.[[3]],id=as.factor(p[[4]]))
data
e.[j,]
p.[[3]]
class(e.[j,])
data = data.frame(value=e.[j,],var2=p.[[3]],id=as.factor(p[[4]]))
ANOVA.p = ezANOVA(data = data,
dv = value, wid = id,within = .(var2), type = 3)$`Sphericity Corrections`[1,"p[GG]"]
data
ezANOVA(data = data,
dv = value, wid = id,within = .(var2), type = 3)
ezDesign
?ezDesign
?ezANOVA
data
ezANOVA(data = data,
dv = value, wid = id,within = .(var2), type = 3)
p
e.=e[,p[[2]]%in%x[[2]]];p.=x
x=p[p[[2]]==p[[2]][1],]
e.=e[,p[[2]]%in%x[[2]]];p.=x
data.frame(value=e.[j,],var2=p.[[3]],id=as.factor(p[[4]]))
x=p[p[[2]]==p[[2]][1],]
x
p.=x
e[,p[[2]]%in%x[[2]]]
x[[2]]]
x[[2]]
p[[2]]
e.=e[,p[[2]]%in%x[[2]]];
dim(e.)
dim(p.)
x[[2]]
p[[2]]
e.=e[,p[[2]]%in%x[[2]]];p.=x
j
j= 1
e.[j,]
p.[[3]]
as.factor(p[[4]])
data = data.frame(value=e.[j,],var2=p.[[3]],id=as.factor(p[[4]]))
data
e.
dim(e.)
dim(e.[j,])
length(e.[j,])
data = data.frame(value=e.[j,],var2=p.[[3]],id=as.factor(p.[[4]]))
ANOVA.p = ezANOVA(data = data,
dv = value, wid = id,within = .(var2), type = 3)$`Sphericity Corrections`[1,"p[GG]"]
ezANOVA(data = data,
dv = value, wid = id,within = .(var2), type = 3)
ezANOVA(data = data,
dv = value, wid = id,within = .(var2), type = 3)$`Sphericity Corrections`[1,"p[GG]"]
ANOVA.p = ezANOVA(data = data,
dv = value, wid = id,within = .(var2), type = 3)$`Sphericity Corrections`[1,"p[GG]"]
test.temp = pairwise.t.test(paired = T, x = data$value, g = data$var2, p.adjust.method  = "bonf")$p.value
post_hoc = as.numeric(test.temp)[!is.na(as.numeric(test.temp))]
post_hoc
pairwise.t.test(paired = T, x = data$value, g = data$var2, p.adjust.method  = "bonf")
?pairwise.t.test
ANOVA.p = ezANOVA(data = data,
dv = value, wid = id,within = .(var2), type = 3)$`Sphericity Corrections`[1,"p[GG]"]
pairwise.t.test(paired = T, x = data$value, g = data$var2, p.adjust.method  = "holm")
test.temp = pairwise.t.test(paired = T, x = data$value, g = data$var2, p.adjust.method  = "holm")$p.value
test.temp
post_hoc = as.numeric(test.temp)[!is.na(as.numeric(test.temp))]
post_hoc
ANOVA = parSapply(cl,1:nrow(e.),function(j,e.,p.,posthocNeeded){
data = data.frame(value=e.[j,],var2=p.[[3]],id=as.factor(p.[[4]]))
ANOVA.p = ezANOVA(data = data,
dv = value, wid = id,within = .(var2), type = 3)$`Sphericity Corrections`[1,"p[GG]"]
if(posthocNeeded){
test.temp = pairwise.t.test(paired = T, x = data$value, g = data$var2, p.adjust.method  = "holm")$p.value
post_hoc = as.numeric(test.temp)[!is.na(as.numeric(test.temp))]
}else{
post_hoc=NULL
}
return(c(ANOVA.p, post_hoc))
},e.,p.,posthocNeeded)
ANOVA = parSapply(cl,1:nrow(e.),function(j,e.,p.,posthocNeeded,ezANOVA){
data = data.frame(value=e.[j,],var2=p.[[3]],id=as.factor(p.[[4]]))
ANOVA.p = ezANOVA(data = data,
dv = value, wid = id,within = .(var2), type = 3)$`Sphericity Corrections`[1,"p[GG]"]
if(posthocNeeded){
test.temp = pairwise.t.test(paired = T, x = data$value, g = data$var2, p.adjust.method  = "holm")$p.value
post_hoc = as.numeric(test.temp)[!is.na(as.numeric(test.temp))]
}else{
post_hoc=NULL
}
return(c(ANOVA.p, post_hoc))
},e.,p.,posthocNeeded,ezANOVA)
ANOVA
dim(ANOVA)
names(simpleMainEffect2.)
simpleMainEffect2. = by(p,p[[2]],FUN=function(x){
# x=p[p[[2]]==p[[2]][1],]
e.=e[,p[[2]]%in%x[[2]]];p.=x
ANOVA = parSapply(cl,1:nrow(e.),function(j,e.,p.,posthocNeeded,ezANOVA){
data = data.frame(value=e.[j,],var2=p.[[3]],id=as.factor(p.[[4]]))
ANOVA.p = ezANOVA(data = data,
dv = value, wid = id,within = .(var2), type = 3)$`Sphericity Corrections`[1,"p[GG]"]
if(posthocNeeded){
test.temp = pairwise.t.test(paired = T, x = data$value, g = data$var2, p.adjust.method  = "holm")$p.value
post_hoc = as.numeric(test.temp)[!is.na(as.numeric(test.temp))]
}else{
post_hoc=NULL
}
return(c(ANOVA.p, post_hoc))
},e.,p.,posthocNeeded,ezANOVA)
ANOVA = data.frame(t(ANOVA))
colnames(ANOVA)=paste0(c(paste0("ANOVA (",colnames(p.)[3],")"),
gsub("-"," vs ",rownames(posthocTGH(e.[1,],as.factor(p.[[3]]),digits = 4)$output[["games.howell"]]))),
paste0(" @",unique(p.[[2]])))
return(ANOVA)
})
names(simpleMainEffect2.) = rep("",length(names(simpleMainEffect2.)))
names(simpleMainEffect2.)
simpleMainEffect2 = do.call(cbind,simpleMainEffect2.)
simpleMainEffect2
dim(simpleMainEffect2)
simpleMainEffect2[1,]
ANOVA.p
post_hoc
test.temp
posthoc = cbind(simpleMainEffect1,simpleMainEffect2)
head(posthoc)
stopCluster(cl)
result = cbind(twowayMixedANOVA, posthoc)
result
head(result)
result = cbind(twowayMixedANOVA, posthoc)
names(f)
result = cbind(data.frame(f$`compound label`),result)
colnames(result)[1] = "compound label"
library(WCMC.Stat.TwoWayMixedANOVA)
library(opencpu);
opencpu$browse("library/WCMC.Stat.TwoWayMixedANOVA/www")
library(WCMC.Stat.TwoWayMixedANOVA)
library(opencpu);
opencpu$browse("library/WCMC.Stat.TwoWayMixedANOVA/www")
library(WCMC.Stat.TwoWayMixedANOVA)
