malic acid		823.0904554	936.1863946	2646.877212	1400.03283	496.7905302	278.8027535	766.8756597	347.4363218	757.0937543	1041.806004	229.1226222	488.0845464	1304.91174	1558.530883	836.2895756	803.3409869	427.1450561	550.2111893
maleimide		472.8391978	754.2348587	924.5279023	281.9634098	370.7232559	715.0971388	982.8969723	661.140962	557.9029784	376.4437681	852.9119603	634.6109631	970.4818053	589.0032297	471.8632857	335.1618198	408.1830092	753.425078
lyxitol		1378.883898	851.8178053	1216.597112	1055.806206	257.4763823	809.8049444	1505.668549	1221.086879	1331.877307	1473.484185	1224.786373	960.0006607	1681.674579	1324.75125	1191.26141	1486.233195	1223.551025	1156.018631
lysine		26616.33044	30998.84939	31277.17623	20291.58128	16149.43151	23230.01568	22599.06962	38546.31711	22723.785	31921.24187	36370.51719	21501.99375	30438.41571	53309.85246	42309.54846	24798.83252	26731.49609	30260.65686
linoleic acid		16977.96886	6804.377552	1068.414939	15068.58714	5863.196623	9978.371831	7468.936883	3079.702542	1065.164234	11826.11269	5301.009778	7259.626049	10272.07896	5901.164661	4888.813059	12140.18954	6101.787086	9915.30408
leucine		91822.05404	102454.9786	98468.12741	88983.91633	76232.23977	108410.6417	103454.7668	98343.5937	82589.89749	80559.81613	75038.25858	88891.00854	117079.052	95618.90576	97477.15658	114260.8539	65571.75612	107525.0696
lauric acid		7026.224571	8792.630091	6149.560158	11652.11567	13013.77516	7464.890519	1948.51224	10414.09454	2210.511196	3788.230966	3481.224344	11044.04971	11402.36747	4643.207591	5417.403078	16805.22312	5109.772634	11481.58471
lactobionic acid 		40.55540878	27.44520375	33.28729962	20.45791301	49.14486965	42.56530588	30.24298376	40.47801808	37.13726331	32.29088756	41.98582083	33.34739137	23.28309675	5.060165204	10.3139516	53.41641503	26.94606662	60.38903297
lactic acid		354643.224	488395.5327	698365.3984	528072.1033	349206.3499	241673.0372	320058.2569	232324.7092	452732.7808	259526.9619	310752.6547	195280.3028	658497.8338	572606.2704	638981.103	383715.2463	280737.0961	267693.0805
lactamide		1421.282735	1662.97605	1981.131219	1516.553986	1231.826842	852.3702503	711.790225	772.4555117	1634.039586	953.4309431	1013.657674	601.2635717	2267.985288	2259.86978	3517.916992	1387.77941	952.094354	956.6389668
isothreonic acid 		413.8495123	473.683887	671.1149117	384.2529748	370.7232559	429.9095894	478.4872074	68.58775286	784.9467018	344.1528805	375.4731977	213.2211994	758.8172894	80.96264326	550.9369147	734.2138615	586.8254509	492.6978246
isothreitol		191.7164779	194.1494043	200.7975816	115.6316822	132.4774747	159.6198971	227.9024848	206.887648	383.1890351	249.8294985	218.3262683	268.800185	262.4639997	229.7315003	175.3371772	174.9125747	184.6304565	162.9545334
isoleucine		63910.71566	63227.65051	73558.48945	57293.7196	54751.65826	70385.9898	66005.31206	52204.27504	55173.31285	49196.86671	47058.90758	58033.55573	73603.16043	53520.35533	65989.52184	73706.2737	38351.23882	67634.75837
isoheptadecanoic acid NIST		539.202594	666.8168023	385.4884053	802.3059799	297.0059514	309.6626003	343.473887	629.658059	117.3199909	246.4304577	345.4833257	322.3581166	495.2949672	447.318604	457.2518543	502.7427297	289.4207156	368.0855343
isocitric acid		482.0563361	346.6227585	464.9484108	643.9795226	374.9967228	537.3869867	412.6007071	315.9534189	496.2888824	750.3382556	344.2837308	451.705574	330.1966448	381.5364564	483.0367333	669.2762589	332.3348217	494.6149367
inosine		4615.94289	4596.563384	3739.98918	2502.981183	1686.951069	372.4464265	537.8930684	214.7583737	302.1622788	70.5300965	353.8804898	538.610897	1146.163353	2080.739932	360.988306	1015.959266	449.1011104	484.0708199
indole-3-acetate		709.7196536	1013.439561	1100.628455	748.9375111	323.7151197	1048.170657	747.4337416	469.9947655	535.9582319	713.798567	752.1459903	593.1793556	1409.685676	1051.502329	2065.368808	821.1464585	652.6936137	1113.842164
hypoxanthine		4907.204462	5531.733289	12089.73246	3964.387752	3556.592849	1990.992183	2364.353266	1881.103451	4258.12485	1300.133104	521.8237732	1650.190609	6728.81496	10546.39632	5924.505699	4989.721592	3202.589918	3142.146827
hydroxyproline dipeptide NIST		316.1478457	442.1727271	108.4521697	194.7949109	138.8876751	204.3134682	363.9959117	577.936147	243.0802689	250.6792587	164.3444987	305.1791574	303.7385803	439.2223397	336.922419	194.8128078	286.4267082	536.7914042
hydroxylamine		20435.31745	28084.57535	19286.23189	17861.53701	20755.16049	32979.599	36521.64321	30008.82846	28228.54026	15567.60684	32300.29176	19536.51871	26373.39868	22539.99988	25068.91886	25521.5252	28945.06557	24556.28963
hydroxycarbamate NIST		2202.896068	3568.892977	1969.319597	1578.8172	1898.487682	4137.347732	3605.395707	3777.948354	2755.753743	2183.883711	2739.874708	2306.02264	2756.930319	3029.014891	1853.073304	2704.336934	2478.040127	2742.428942
hydrocinnamic acid		1113.430314	2770.94909	1137.137106	384.2529748	545.9353998	546.9641806	1675.245279	1285.177074	1498.994992	649.2167919	618.9909585	783.1584337	2460.599997	3074.556378	1362.301107	691.2712534	1625.74602	890.4985973
histidine		6150.596427	2989.494231	2926.061015	2454.949561	1851.479546	3122.165186	3724.207429	2660.305299	4050.493787	7344.477399	6195.907559	3134.654789	5243.988381	4981.226627	2354.159453	2037.155436	2904.18718	5625.765627
hippuric acid		664.5556756	1186.242695	531.52301	402.0424644	276.7069835	310.7267329	668.5859625	676.8824134	709.8281465	676.4091183	182.3384219	755.8742044	1196.962837	1459.351645	781.2818338	792.86718	575.8474238	702.6216059
hexuronic acid		331.8169809	420.8264575	244.8227198	334.442404	322.6467529	407.5628038	569.2161587	454.253314	416.1061548	355.1997631	385.0699567	520.4214108	388.4043866	426.0659102	310.278044	451.4210761	405.1890018	499.4077171
hexose		10723.21877	17586.27667	6538.269915	6752.000768	11646.26574	12701.48727	10327.97896	11838.6959	8010.676502	9309.122978	11538.90316	10566.07043	7604.047733	9818.744562	6594.912553	7613.410213	9875.234416	9911.469856
hexitol		586.2099996	724.7566768	335.0205639	551.4741768	138.8876751	900.2562194	1030.421661	692.6238649	849.0928839	374.7442477	563.809594	666.9478274	1049.855999	648.7131791	296.5261085	895.5104873	392.2149697	813.814111
hexadecane		5930.30682	1847.977053	3647.643768	1675.769918	4962.563468	4599.1813	5756.967981	6278.59036	2309.262555	4015.9667	2460.369101	2662.738675	5674.725671	5642.084202	5885.82838	4679.696909	5410.171376	4787.987614
heptadecanoic acid		5612.315546	3410.320688	3944.008113	6428.232058	3026.682951	4866.278595	2345.991455	3026.856241	1255.914723	3898.699792	2329.613259	3687.413064	4668.260898	3627.126418	2833.758202	5507.127652	1412.173492	4109.32991
guanosine		400.9455186	428.9583697	206.1665009	163.6633041	157.0499095	65.97622411	42.12415596	24.7365666	61.61409595	38.23920895	70.77609797	85.89479596	149.2234837	60.72198245	70.47866927	129.8752052	91.81622701	66.14036945
glycolic acid		2272.946319	2353.172099	2301.118809	2019.996541	2210.450768	2221.908967	2766.152908	1738.305999	2020.604736	2081.912487	2421.982064	1087.327064	2276.451868	714.4953268	2423.778626	2042.392339	2017.960989	1972.70841
glycine		139684.8101	83187.42906	161439.108	79028.91796	114227.6342	86614.01267	80899.98157	104218.5283	151211.9638	140535.891	194986.9503	148811.2182	101299.4623	122911.4128	164216.1589	101257.6227	90796.26849	120773.2732
glycerol-alpha-phosphate		915.261839	1335.666583	690.4430211	578.1584112	575.8496683	629.966527	1041.222727	616.1653863	803.5153334	628.8225471	518.2249885	602.2740987	1267.87045	123.468031	550.9369147	759.350998	612.773515	638.3983486
glycerol		60519.73046	36536.68162	55797.03065	113537.8593	41890.65955	44672.28852	49178.33192	24031.57446	19322.34929	63001.22114	35006.57781	41147.64937	73160.78159	26254.16114	42833.841	61095.81023	33606.73509	46933.78129
glyceric acid		801.8910372	3670.54188	3406.0424	1650.864633	1777.762241	1406.783359	2473.444029	2478.154218	2399.573627	1949.349896	1287.165307	1560.253705	3442.723351	4295.068225	2401.431731	2400.596534	1775.44639	2136.6215
glutaric acid		115.2142295	111.8137931	123.4851437	219.7001963	121.7938074	100.0284688	76.68756597	111.3145497	167.1176849	130.8630706	52.78217476	66.69478274	188.3814191	175.0817161	143.5358264	227.2816091	75.84818753	85.31149102
glutamine		15715.2209	9895.520686	18998.45781	15041.90291	20016.91908	20435.60335	29180.15891	28434.68331	28269.05364	21960.35282	38642.5499	32415.68547	31451.23041	15460.82876	22179.29342	16755.99623	23818.32689	26880.78812
glutamate		21299.88503	17762.12927	19005.9743	9780.661369	9167.654924	8484.329595	20628.95525	14011.0162	14719.0167	7856.882799	7709.796299	7074.699606	19122.83069	16983.93849	16096.64047	12189.41643	11114.75348	10961.08876
glucose		186706.9632	225115.7261	139596.1968	178712.3228	234938.1177	207930.4551	243737.9271	275451.7886	275079.9295	244998.6117	279155.3255	260706.8742	168014.0011	201301.4681	177367.3067	173227.3392	263324.9471	212166.8025
gluconic acid		82.95424523	176.8690908	134.2229823	58.7053156	137.8193084	55.33489764	69.12682003	121.4340542	150.2371107	91.77410148	154.7477396	84.88426894	98.42399988	169.0095178	155.56877	125.6856824	171.6564244	124.6122903
galactose		898644.2602	1035134.486	704838.1675	786974.9977	1045817.783	1019286.905	1106716.068	1214512.574	1108316.046	1030192.331	966974.2399	1126948.818	732076.6528	954429.1321	798663.4207	690698.3361	1142948.354	1026199.464
fumaric acid		942.9132541	651.5694668	1365.853068	1014.89038	433.756893	740.6363223	1396.577786	655.519015	963.8807886	1236.401089	851.7123654	791.2426498	1655.216514	1322.727184	1602.959978	1616.1084	717.5637741	733.2954004
fucose 		152.0827829	101.6489028	167.5102819	137.8685442	101.4948395	131.9524482	120.9719351	133.8023375	75.96258404	101.9712239	93.5684007	134.4000925	223.3060643	180.1418813	103.139516	178.0547168	106.786264	121.736622
fructose		2136.532671	2726.223573	1063.04602	2301.959951	1454.047122	1029.01627	2182.895364	1823.759592	2002.880133	787.7277043	1267.971789	1533.980003	3025.744255	2268.978077	2324.93659	1987.928544	1916.164738	2397.348753
ethanolamine		2148.514951	5273.545076	2333.332325	2985.076351	2392.073112	3326.478655	2839.600154	2607.458998	1812.973673	2584.970525	2781.860529	2568.759663	3141.101416	4151.359533	2649.826065	2459.249853	1933.13078	3006.99042
dodecanoic acid, isopropanol ester NIST		147.4742137	106.7313479	213.6829879	140.5369676	226.4937471	344.7789776	403.9598546	264.2315069	197.5027185	200.5434069	94.76799559	112.1684982	252.9390965	206.4547403	341.2198988	292.2192116	243.5126021	214.7165617
dihydrocholesterol		397.2586632	836.5704699	303.880832	198.3528088	330.1253201	351.1637735	544.3737077	761.2116178	287.8137907	248.9797383	328.6889973	368.8423591	665.6849024	573.8227341	294.8071166	304.7877799	339.320839	270.3128143
diglycerol		1246.157106	1712.784012	1192.973867	861.9007699	564.0976343	944.9497905	1134.111891	1155.872294	1144.502933	1271.241257	873.3050732	878.1479728	1706.015998	1395.593563	1187.823426	901.7947714	884.2301862	1053.453131
cysteine		345.6426884	414.7275234	382.2670537	454.5214587	354.6977549	938.5649947	325.1120755	359.8046051	738.5251226	548.0953283	338.2857564	430.4845068	1211.779353	568.7625689	752.0589709	467.1317864	270.4586687	488.8636003
creatinine		20873.13153	18611.9141	21675.40097	17032.54679	22372.66773	16138.63572	17657.58209	21355.5277	12714.44851	27556.02373	21218.43425	19408.18178	20429.85907	24358.62326	18329.61099	20994.74587	16160.65396	21439.06526
conduritol-beta-epoxide 		703.2676567	1214.704388	702.2546436	1383.132814	584.3966022	807.6766791	659.94511	756.7140602	687.8834	1397.005767	556.6120247	559.8319642	990.5899343	1154.7297	525.1520357	1529.175803	411.1770166	766.8448631
citrulline		2181.696649	1732.097303	2047.705818	1389.359136	1712.591871	1421.681216	2356.79252	3417.01936	3176.080042	2875.588513	3535.206114	2429.306935	3125.226577	2852.921142	2310.325159	1350.073705	1769.458375	2352.296618
citric acid		28665.30029	22489.81974	27981.73357	38425.29748	21667.54568	30870.48809	24779.80477	16814.11895	33788.15738	40076.3905	24222.21983	27223.59768	24799.673	22012.73067	29058.69914	39928.24655	18323.3253	29447.8013
cis-gondoic acid		175.1256288	54.8904075	128.854063	231.2633645	116.4519737	180.90255	119.8918285	50.5975226	29.54100491	197.1443661	98.36678023	137.4316735	113.240516	70.84231285	60.16471767	290.1244503	110.7782739	98.73127613
cholesterol		170075.5587	198964.5128	139544.6551	118811.5535	149242.2855	166047.2582	239960.7945	201721.0787	119476.4843	142843.8397	172083.0852	143381.6566	222958.9344	171666.1045	125203.637	160428.3472	161210.3326	123062.3051
cellobiose 		1635.120345	1781.905266	678.6313987	853.0060251	1145.289136	553.3489764	113.4111891	65.21458468	194.9706324	320.359595	73.17528773	85.89479596	138.6402579	130.5522623	186.5106248	120.448779	133.7323306	135.1564071
capric acid		959.5041031	1233.001191	1215.523328	1078.932543	1401.697152	399.0497426	823.041201	673.5092453	641.4618208	655.1651133	741.3496364	970.1059308	833.9581926	743.844285	678.1423178	1205.535171	784.4299395	995.939766
beta-alanine		658.1036788	1304.155423	953.5200665	897.4797491	1664.515368	2100.597845	971.0158001	680.2555816	636.3976485	4474.837207	1517.487524	1994.78032	1652.041546	1071.74299	960.9164908	1033.764738	714.5697667	2278.4878
benzoic acid		11899.32562	11468.02921	13802.41772	12500.67432	11807.58912	11683.11233	13350.11712	12142.28103	9703.798097	11297.56184	13006.0077	9971.880547	13147.5414	13078.50299	11876.51527	11399.6914	9851.282357	12101.7705
behenic acid		646.1213989	469.6179309	612.0567994	1151.86945	536.3200993	527.8097929	1446.262688	724.1067679	580.6917536	2140.545941	1302.760041	662.9057194	755.6423217	627.4604853	558.6723784	1147.929233	715.5677692	558.838194
aspartic acid		2708.916964	3450.98025	2433.194224	1553.02244	2466.858783	1735.600347	2123.489503	2662.554078	1897.376544	1654.483107	2279.230274	1833.095998	2143.103223	3229.397433	2221.797074	1985.833782	1982.0329	1933.407611
asparagine		3178.99102	2944.768714	3264.30293	3579.245303	2461.51695	2865.709218	3367.772263	3368.670616	4513.021521	3865.559145	4492.482829	3436.802365	4138.041285	3728.329722	4401.478846	3537.00458	3170.653839	3721.114698
arachidonic acid		1106.056603	714.5917866	1143.579809	1026.453549	741.4465117	778.9450976	609.1801015	577.936147	369.6845757	566.7900526	726.9544978	669.9794085	506.9365155	580.9069654	769.2488902	159.2018644	760.4778802	702.6216059
arachidic acid		3297.892105	1203.523009	1970.393381	3460.055722	2019.213123	2624.151108	3339.689493	2020.527736	735.1490078	2924.874604	2685.892938	2238.31733	2910.387093	2352.97682	2005.20409	3483.588165	2371.253863	1342.937067
arabitol		1469.211854	54.8904075	1216.597112	1124.295741	962.5984252	893.8714235	1197.838178	1165.991799	1398.555575	1473.484185	1287.165307	992.337525	981.0650311	1453.279447	1254.004615	1439.101064	1198.600963	1166.562748
aminomalonate		1892.278505	1711.767523	2106.763931	1079.822017	1388.876751	2594.355393	2384.875291	2732.26622	4096.915366	2652.101581	3783.522254	2580.885987	223.3060643	2679.863492	2684.205904	2088.47709	3099.795664	2170.170963
alpha-aminoadipic acid		413.8495123	262.2541692	149.2559564	221.4791452	168.8019436	153.2351012	289.4685589	274.3510114	157.8333691	252.3787791	117.5602983	131.3685115	320.6717416	301.5858461	213.1549998	387.5308542	210.5785206	244.4318001
allantoic acid		363.1552513	496.0466456	758.0914042	1069.148323	505.337464	260.7124985	534.6527487	483.4874382	654.9662802	347.5519213	227.9230274	504.2529786	771.5171604	455.4148683	722.836108	1012.817124	507.983256	498.449161
alanine		109143.8222	158078.2747	157950.3843	120662.5499	161561.6222	171735.0472	121043.2221	161103.6363	225908.5048	130179.8634	231265.0987	180445.7663	163221.9165	155825.7634	181320.1286	119704.0913	110287.2567	148675.8821
aconitic acid		244.2541665	251.0727899	330.7254285	404.7108878	211.5366129	238.3657129	211.7008863	152.9169572	326.6391114	356.0495233	226.7234325	277.8949281	349.2464512	374.4522251	345.5173786	612.7177018	152.6943775	229.0949029
acetophenone NIST		2800.166633	2401.963573	3344.83672	2511.875928	3443.345976	2906.146259	2748.871203	2445.546926	2248.492488	2296.901817	3698.351018	2594.022838	2015.046191	2482.517049	2948.071166	2620.546479	2835.32501	3329.065262
5-methoxytryptamine		2206.582923	2394.84815	703.3284274	752.495409	492.5170633	678.9166288	157.6955582	91.07554068	118.1640196	50.98561193	103.1651598	161.6843218	271.9889029	187.2261125	107.4369958	1115.460432	73.8521826	78.60159847
5-aminovaleric acid		249.7844495	257.171724	207.2402847	173.4475234	306.621252	230.9167844	356.4351658	308.0826932	1006.082224	212.4400497	247.1165455	238.4843747	499.5282575	572.8107011	264.7247578	189.5759043	161.6763997	285.6497115
5,6-dihydrouracil 		624.9219807	461.4860186	323.2089415	396.7056175	327.9885866	487.3727523	145.814386	362.0533839	224.5116373	486.0628337	255.5137096	418.3581827	587.3690316	435.1742075	354.1123383	461.8948829	281.4366958	542.5427407
4-methylcatechol		835.9944491	730.855611	885.8716834	647.5374205	926.2739563	758.7265773	893.2481276	872.5261675	711.5162039	824.2673929	903.2949453	828.6321492	815.9667087	825.8189613	802.7692329	848.3783564	876.2461665	908.7111628
4-hydroxybutyric acid		267.2970124	225.6605642	242.6751521	215.2528239	228.6304806	213.890662	244.1040832	222.6290994	211.8512066	257.4773403	221.925053	231.4106856	211.6645159	228.7194672	182.2131449	232.5185125	256.4866341	276.0641507
4-aminobutyric acid		27.65141508	44.72551722	69.79595081	32.02108124	47.00813619	56.39903029	37.8037297	34.85607112	13.50445939	24.64304577	9.596759047	40.42108045	19.04980643	20.24066082	31.80135077	32.46880129	8.982022208	41.21791139
3-hydroxybutyric acid		133702.8873	9049.801815	16994.77713	25260.18572	9410.174172	30836.43585	30868.36546	7140.997023	1416.280178	16561.82628	13491.84362	18628.05493	11660.59818	12897.34907	7498.242814	34316.38083	27274.40943	36280.38903
2-hydroxyvaleric acid		1854.488238	2093.967397	2099.247444	1861.670084	2133.528363	2560.303149	1285.32681	1133.384506	465.0598201	1568.657327	1085.633367	1373.306208	1191.671224	1546.386486	1577.175099	1805.684304	1572.851889	2341.752501
2-hydroxyglutaric acid		139.1787892	182.968025	144.9608209	63.15268799	113.2468735	170.2612235	105.8504432	105.6926028	148.5490532	122.3654686	133.1550318	150.5685247	241.2975481	192.2862777	120.3294353	152.9175803	118.7622936	169.664426
2-hydroxybutanoic acid		18795.58854	10538.95824	14127.77423	23505.25258	8444.370646	12595.07401	14104.0315	5855.819949	4698.707837	14303.16367	9578.765123	13454.15663	6980.695734	12052.30148	15505.30724	24477.28665	11491.99841	9066.981951
2-deoxytetronic acid		157.6130659	221.5946081	134.2229823	173.4475234	116.4519737	59.59142823	194.4191813	130.4291694	200.8788334	139.3606726	121.159083	226.3580505	209.5478707	173.05765	139.2383466	204.2392339	115.7682862	246.3489123
1-monostearin		104.1536635	577.3657678	659.3032892	420.7214285	528.8415321	174.5177541	390.9985758	1077.165037	553.6828348	519.2034815	741.3496364	279.9159821	1188.496257	1217.475748	734.8690516	315.2615868	1020.956524	531.0400677
1-monopalmitin		552.1065877	262.2541692	405.8902986	273.068665	245.7243483	396.9214773	902.9690867	509.3483942	357.8681737	267.6744626	287.9027714	411.2844936	1289.036902	518.1609169	488.1937091	266.0346945	581.8354386	249.2245805
1-monoolein		1064.57948	1229.951724	571.2530128	528.3478404	635.6782053	990.7074944	1889.106379	645.3995105	517.3896002	738.4416128	916.490489	2235.285749	4532.795608	923.9861662	569.8458259	932.1688114	1444.10957	1433.041338
1-monoheptadecanoyl glyceride NIST		50.69426097	54.8904075	17.18054174	24.01581093	20.2989679	57.46316294	46.44458221	47.22435443	31.22906233	39.93872935	41.98582083	18.1894862	40.21625802	49.589619	22.34689514	33.51618198	53.89213325	45.05213571
1-methylgalactose NIST		450.7180657	377.1174293	296.364345	393.1477196	274.57025	425.6530588	669.6660691	447.5069777	498.8209686	426.5796198	344.2837308	615.4109498	556.6776768	543.4617429	414.277056	488.0794001	385.2289525	484.0708199
1-kestose		280.2010061	197.1988714	148.1821725	148.542238	266.0233162	77.68168323	58.3257544	47.22435443	32.91711975	41.63824974	57.58055428	49.51582355	6.349935476	42.50538771	28.3633669	6.284284121	21.95605429	37.38368708
1-hexadecanol		287.5747168	189.0669592	150.3297402	159.2159317	179.4856109	145.7861726	332.6728214	227.126657	139.2647374	141.060193	430.6545622	211.2001454	157.6900643	250.9841941	171.0396974	155.0123417	426.1470536	128.4465146
1,5-anhydroglucitol		1645.259197	1548.112789	4946.922237	1384.911763	3457.234743	1942.042081	1555.353451	297.9631886	6204.455059	1964.64558	3883.088629	2148.380426	1463.660127	2444.059793	5877.233421	2212.068011	4360.272781	2492.245805
204584		1217.583977	1531.848965	1096.33332	753.3848835	1227.553375	1257.804789	1446.262688	1339.147765	790.0108741	940.6845401	1130.018378	1130.779726	1717.657546	1427.978621	986.7013698	1015.959266	1037.922566	1212.57344
192876		4468.468676	1528.799498	4847.060338	3551.671594	4471.114772	4727.941351	4870.200493	4439.089316	2373.408737	2670.796305	3587.988289	2469.728015	5048.198704	3749.582416	2584.504372	5073.512047	4820.351918	4249.279098
191801		956.7389616	1349.897429	1100.628455	1295.074841	1061.956531	859.8191788	1318.810113	916.3773537	1901.596687	2498.294985	1106.02648	1225.769265	1775.865288	1159.789865	167.6017135	1474.712007	969.0603959	591.4291007
189321		31095.85968	31422.72532	38334.08375	31405.5649	39104.35911	36439.09423	35704.00255	36393.11142	27169.28423	28348.84999	38661.74341	31538.54802	37482.61079	30468.26673	30929.82186	32200.67184	32219.51166	34387.24078
171305		2857.312891	3115.53887	2745.665327	2251.259906	2946.555446	2932.749575	3129.068713	3040.348914	2428.270603	2628.308295	3608.381402	2863.83355	3043.735738	3198.024409	2542.38907	2928.476401	2477.042124	2255.482454
171286		746.588207	851.8178053	820.370868	933.0587282	926.2739563	582.0805579	558.4150931	1152.499126	955.4405015	1271.241257	1597.860381	1453.137842	791.6252894	498.9322891	520.8545558	556.1591448	1434.129546	794.6429894
170131		2013.023017	2082.786018	790.30492	1174.106312	304.4845185	1557.890195	1719.529648	2465.785935	1264.35501	2433.713209	1602.658761	1702.738014	1792.79845	2736.537342	1429.341793	853.6152598	1044.908583	2351.338062
170069		5239.943157	4938.103697	6260.159896	6072.442267	2616.430126	12590.81748	5286.041519	5053.005924	5324.977141	2130.348819	2891.023663	9520.174973	5818.657542	4401.331694	4318.107737	4457.652204	2606.782445	10618.88424
161878		888.5321378	1192.34163	1028.684937	1070.927272	1131.400369	1179.058973	1029.341555	1134.508896	1060.94409	610.977583	892.4985913	1206.569251	1086.897289	1035.309801	1057.180039	1047.380687	244.5106045	1091.795374
161843		6145.987857	6569.568587	1879.121753	943.732422	5475.379499	1257.804789	6513.042575	7833.620888	7121.07024	6041.795014	7833.354572	5539.709076	5416.494961	5407.292537	3926.177576	4482.78934	7183.621761	6246.909966
131620		5922.933109	5417.886518	6765.912093	6119.584414	6460.413626	4493.832168	3888.383627	5368.959342	4400.765702	5697.642133	6973.245042	5539.709076	5275.738058	4958.9619	6405.82344	4691.218097	4219.554433	7351.166569
122191		1662.77176	1397.672413	1807.178234	1720.243642	1341.868615	1486.593308	1437.621835	1155.872294	1041.53143	1476.883226	1535.481447	1361.179884	1716.599224	1466.435876	1098.435845	1344.836802	1348.301334	1645.840788
121002		883.9235686	209.3967397	603.4665286	342.4476743	632.4731051	510.7836706	553.0145603	848.9139903	335.0793985	450.3729054	277.1064175	313.2633735	462.4869672	327.8987052	630.8700396	271.2715979	392.2149697	442.8529085
120562		3853.685548	3115.53887	3480.133486	2334.870507	4201.886355	3112.587993	2638.700333	3677.877698	3376.958875	3571.542116	3788.320634	3708.634131	3149.567996	3759.702746	2341.267013	2638.35195	3524.944715	4454.410099
119167		3625.100516	1130.335799	410.185434	1263.05376	1883.530548	1975.030193	1964.713838	1339.147765	1063.476177	2656.350382	2185.661873	2119.075143	1795.973417	1230.632178	1072.650966	1357.40537	1118.760766	1637.213783
119023		2796.479778	940.2523508	905.1997928	710.6901085	266.0233162	853.4343829	843.5632257	829.7993706	1131.842502	2093.80913	1414.322364	980.2112009	691.0846444	992.804413	918.8011884	735.2612422	1486.025674	880.9130365
117141		442.4226412	905.6917238	889.093035	521.2320446	975.4188259	1441.899737	1316.6499	1611.249997	1322.592991	519.2034815	1284.766117	1128.758672	1227.654192	637.5808157	569.8458259	1460.048678	1363.271371	588.5534325
106936		1746.647719	877.230031	2342.99638	2390.017924	2585.44749	693.8144859	966.6953739	742.0969981	981.6053916	1536.36644	880.5026425	449.68452	1014.931354	981.6720495	1733.603365	1455.859155	1171.654897	2096.362145
103102		22915.64939	1774.789843	21589.49826	18512.63233	23854.49238	23979.16507	25150.28132	23992.22083	18362.68865	20848.01672	19117.94362	22340.73116	22388.81417	22776.81562	18877.10992	22513.44787	21662.64156	19299.56809
101299		2642.553567	2862.433102	3194.506979	2805.402506	3185.869594	2709.281719	2763.992695	2406.193297	2348.087876	2706.486233	2934.209079	2594.022838	2959.069932	2277.074342	3009.09538	2894.960219	2700.594677	2925.513153
91421		4835.310783	20953.90482	18070.70856	34514.2782	2057.674325	20434.53922	1235.641908	4011.821347	7534.644308	26049.3989	8401.962545	16121.94794	17745.95301	14966.95664	28920.32029	16207.16875	10702.57846	19509.49187
89175		1159.516005	848.7683382	828.9611389	1004.216687	684.8230749	1039.657596	1257.244039	812.9335298	920.8353244	1148.026029	617.7913636	629.558328	822.3166442	921.9621001	577.5812896	960.4480899	661.675636	1539.441063
64546		2090.44698	3220.23724	1676.176603	2115.170311	2521.345487	3544.625847	3107.466582	4295.167474	4236.180103	2473.651939	3928.673235	2735.496619	2509.282836	3050.267585	1864.246752	2391.170108	4162.668292	2734.760493
48419		3302.500674	3026.087836	3804.416211	2742.249818	3092.921688	3173.243553	3088.024664	2535.498077	2400.417656	2506.792587	3627.57492	2723.370295	2662.73961	2961.208677	3233.423827	3042.640895	2963.069326	3101.887471
42003		989.9206597	1963.856802	1166.12927	683.1163997	1037.384096	1787.742847	962.3749476	1049.055302	1001.018052	528.5508437	629.7873124	1482.443125	2422.500384	2633.309972	587.0357453	2032.965913	1673.650138	1074.541364
31408		9103.767557	5280.6605	9544.864719	6496.721593	9324.704833	10384.8705	10235.08979	11916.27877	4675.075034	8397.330285	6319.465832	6517.899223	8270.790958	8371.537313	8811.552651	9308.072165	9155.674637	1983.252527
31359		1426.813018	1336.683072	1320.754146	1265.722183	1465.799156	1497.234634	1628.800697	1714.693821	980.7613629	1556.760684	1741.811767	1094.400753	1229.770837	1451.25538	1205.013345	1241.146114	1331.335292	1519.311385
23635		5794.814886	5479.892349	6127.010697	4380.661808	6060.844468	6318.819658	6392.07064	5997.493012	3895.192504	5625.412516	7175.976577	4652.46636	5096.881542	5391.100008	5340.048441	4552.963846	5685.620057	4867.547769
17651		618.4699839	585.49768	619.5732864	394.0371941	624.994538	611.876272	762.5552335	670.1360771	489.5366527	508.1565989	407.8622595	573.9793424	763.0505798	409.8733815	121.1889313	432.5682237	627.7435521	634.5641243
17267		660.8688203	706.4598743	695.8119404	407.3793113	576.9180351	641.6719861	987.2173986	948.9846461	820.3959077	710.3995262	1025.653623	991.326998	1314.436644	697.2907651	751.1994749	581.2962812	842.3140826	820.5240036
16572		2065.560706	1753.443573	2363.398273	1899.028012	2524.550587	2149.547947	1954.992879	1986.796054	1867.835539	2134.59762	2490.358973	1511.748409	2419.325417	1764.985623	2110.062598	2172.267545	1321.355267	2254.523898
7458		765.9441976	1532.865454	811.7805971	262.3949712	808.7536158	1056.683718	1439.782048	1303.167304	1029.715028	955.1304635	1194.796501	926.6532693	1565.259095	903.7455054	599.0686888	1206.582551	1316.365255	832.9852326
6646		1107.900031	1164.896426	656.0819376	1189.227378	1138.878936	1121.59581	1273.445638	1439.218421	1268.575154	1236.401089	1705.823921	1254.064021	877.3494183	997.8645782	1063.196511	1057.854494	1434.129546	1196.277987
5346		3122.766476	3480.458431	4078.231095	3202.108124	4117.485384	3818.107937	3903.505119	3584.553379	3354.1701	3075.28216	4638.833404	2855.749334	3818.427867	3849.773687	3385.554613	3991.567798	3707.579167	3998.137405
5085		1263.669669	3318.836676	2420.308817	3584.582149	3434.799042	3568.036765	3275.963206	2423.059138	1476.206217	6232.141298	3213.714686	3641.939349	2033.037675	1489.712636	1967.386268	3520.246489	3025.943481	691.1189329
4929		4850.979918	11619.48608	5009.201701	5258.573118	4696.540152	13640.05227	19549.92879	13641.09209	9355.214239	6391.046456	7770.975638	13236.89332	18865.6583	11938.95378	6873.389246	8184.232688	6832.324893	15872.73011
4871		1260.904527	1090.692727	1661.143629	1857.222712	688.0281751	456.5129056	727.9918235	682.5043604	845.716769	1094.491136	1014.857269	319.3265356	1007.523096	1287.306028	948.8835473	1408.727024	1028.940544	566.5066426
4550		5058.365531	6835.888712	5313.082533	3002.86584	4744.616655	6489.080881	6713.942396	5841.202887	5122.410251	6233.840819	4827.1698	5062.740326	6917.196379	5408.30457	4298.33933	5598.249772	5672.646025	6193.230826
4548		2020.396728	958.5491533	1420.616045	1413.374947	1007.469828	1240.778666	1494.867483	1532.54274	985.8255351	1968.894381	1068.839039	969.0954038	1347.244644	1591.927973	1394.102458	1401.395359	784.4299395	1923.82205
4546		2259.120612	1115.088464	906.2735767	1455.180247	1213.664607	1575.98045	1486.226631	973.7212127	709.8281465	2367.431914	363.4772489	1349.05356	932.3821925	782.3015405	507.1026204	1052.61759	333.3328241	1276.796697
2936		9249.398343	8885.130592	9883.106635	7862.954392	10215.72269	9200.490866	9749.041838	9252.600299	7613.138979	8446.616377	9663.93636	9029.058845	10011.7316	9529.303112	7720.852269	9475.653075	9192.600728	5600.843169
2900		4081.348865	1478.991536	3413.558887	1777.170009	3621.76322	2200.626314	1457.063753	3359.675501	2110.071779	2283.305654	3442.837308	6038.909419	5221.763607	3803.220167	6658.515254	2027.72901	1367.26338	3323.313926
2476		3606.66624	5169.863196	2500.842607	1883.906946	3489.285745	7119.047409	5504.223045	9440.373328	6242.436351	3280.924128	8491.932161	6083.372608	5628.159477	4954.913768	3370.943182	5298.698895	6415.159861	6054.240195
2439		2148.514951	2555.453416	2046.632035	1271.948505	1679.472502	2890.184269	2969.212942	2894.178293	2293.226009	2158.390905	2754.269846	2285.812099	2961.186577	1960.308	1740.479333	1663.240531	2306.383702	2191.259196
2061		4129.277985	3648.179121	4854.576825	3469.839942	4311.928129	4267.171915	4915.564968	4053.423755	3384.555133	3304.717413	5057.492018	3513.602418	4195.190705	3710.113127	3612.461548	3642.790029	3741.511251	4527.260361
1941		5693.426364	4292.633165	6264.455031	4860.978026	6560.840099	5812.292518	6144.726237	6206.629439	4588.984105	5479.253762	6210.302698	5953.014623	5575.243348	5537.844799	5354.659873	5381.441969	5827.336408	4738.142698
1925		3140.279039	2691.662946	2622.180183	1653.533056	2516.003653	3412.673399	2636.54012	2198.18126	3044.411563	2560.327479	3830.306454	2277.727883	2802.43819	1889.465687	982.40389	1147.929233	1667.662123	3245.670883
1878		2543.930187	2260.671598	1787.850125	1833.206901	2282.031339	1977.158458	2417.278488	2134.091064	2026.512937	2007.13359	2587.526158	1893.727619	2228.827352	2306.4233	2411.745683	2468.676279	2567.860349	2755.848727
1875		928.1658327	2205.78119	1122.104132	2184.54932	2822.624905	2268.730803	2772.633547	1465.079377	2074.622573	2269.709491	3210.115901	1973.559253	2092.303739	2261.893846	1934.725421	2324.137744	2094.807179	2430.898216
1872		3200.190438	3729.498243	3764.686208	3104.265931	3285.2277	3183.88488	3733.928388	3499.099785	3254.574712	3317.463816	4051.031913	3135.665316	3588.771867	3464.189099	3570.346246	3437.503414	3373.24834	3543.781824
1801		1973.389323	1352.946896	2748.886678	1181.222108	1965.794786	1149.263259	1263.724679	2156.578852	1527.691968	1006.116075	2372.798674	2304.001586	764.1089023	2383.337811	2542.38907	1155.260898	1853.290582	2331.208384
1725		1534.653537	1529.815987	1284.245495	1329.764346	165.5968434	1763.267796	2411.877955	1388.620898	1629.819442	1734.360566	2460.369101	2356.54899	1267.87045	1995.729156	1631.323345	1675.809099	1680.636155	1082.209813
1064		2696.934684	786.7625075	3243.901037	2525.218045	3207.236928	2664.588148	3270.562673	1370.630668	1628.131385	3619.128687	2974.995304	3904.676371	2998.227867	3141.350559	3233.423827	1804.636924	3561.870807	1521.228497
1029		10527.81543	9430.9852	12202.47977	6540.305842	10623.83878	9809.17474	6195.491245	9031.095589	8178.638215	10020.37226	2533.544388	7315.205034	10197.99638	6669.297739	4451.329612	9646.376126	9633.717819	10422.38025
490		1813.011115	2055.340814	1495.780915	775.6217455	1749.984706	2398.554986	2474.524136	3315.824314	2102.475521	1987.589105	2718.282	2360.591098	2735.763868	2159.678509	1914.957014	1952.3176	2746.502791	2068.564018
443		15368.6565	12121.63166	6574.778566	11325.67854	12889.84462	11798.03866	9913.218035	12090.55912	11534.49637	14534.29844	17178.19869	8915.87982	16572.27327	12022.95252	11879.09376	7107.525341	11059.86334	7664.614407
307		2021.318442	25810.68939	17417.84797	6015.5159	13755.22167	27396.095	26335.15822	35251.85619	29089.44955	9818.129337	30593.26825	32332.82225	36838.09234	29148.57564	19595.64855	17929.0626	33578.79102	20763.28323
168		1930.990486	830.4715357	601.3189608	371.8003321	879.2658201	198.992805	297.0293048	939.989531	317.3547956	347.5519213	187.1368014	64.67372872	153.456774	775.2173092	329.1869553	427.3313203	403.1929969	276.0641507
137		53080.57809	54482.7954	59139.7198	47151.04212	57666.1627	61969.7647	58322.51408	55885.52591	43360.287	55913.37132	63353.00485	59698.90424	55898.482	50247.44047	54259.12088	53895.06801	54713.48928	54465.1564
134		6882.437212	1742.262194	792.4524877	383.3635004	1662.378634	278.8027535	852.2040782	3866.775116	1302.336302	1814.238025	647.7812356	101.0527011	174.6232256	2109.076857	879.264374	355.0620529	1204.588978	1229.827449
128		2849.93918	7068.6647	11865.31164	8707.955147	13083.21899	8133.165821	12353.17876	8589.210559	5784.972789	4922.660832	10333.3103	11829.22919	13215.27405	11710.23431	8674.892792	10118.74482	8751.483638	5318.069126
110		2012.101304	1935.395109	2222.732587	2031.55971	2050.195758	2118.6881	2105.127691	2120.598392	2137.080698	2081.912487	2730.277949	1102.484969	2011.871223	1280.221797	2239.846489	1849.674293	1898.200693	2451.98645
62		9779.383798	9119.939558	11313.38673	9129.56605	9755.256626	9322.86612	9686.395657	8924.278597	8138.124837	9975.334974	11180.22429	6851.373136	8317.357152	8867.433503	9012.674707	8594.805917	8074.837965	9935.433758
54		6714.685294	9496.040498	9251.721726	6695.963876	8257.406468	4985.461451	7283.158554	10591.74806	8931.511826	8976.01698	5044.296474	6414.825467	9721.751214	9115.381598	10198.77914	10047.52293	8609.767287	5179.078494
'
library(pacman)
pacman::p_load(data.table,parallel,userfriendlyscience,ez)
input = gsub("\r","",input)
cfile = strsplit(input,"\n")[[1]]
ts = sapply(regmatches(cfile, gregexpr("\t", cfile)),length)
t.mode = unique(ts)[which.max(tabulate(match(ts, unique(ts))))]
cfile
input = '	id	1	2	3	1	2	3	1	2	3	1	2	3	1	2	3	1	2	3
Time	1	1	1	1	1	1	2	2	2	2	2	2	3	3	3	3	3	3
compounds		S1T1	S2T1	S3T1	S4T1	S5T1	S6T1	S1T2	S2T2	S3T2	S4T2	S5T2	S6T2	S1T3	S2T3	S3T3	S4T3	S5T3	S6T3
xylulose NIST		615.7048423	698.3279621	1311.090091	689.342721	782.0444475	1459.989992	1317.730007	680.2555816	604.3245575	447.8236248	1397.528036	1018.611227	1898.630707	1534.24209	849.110865	624.2388894	1133.730803	577.0507595
xylose		479.2911946	2072.621128	1454.977128	1383.132814	2415.57718	1361.025656	2166.693765	2420.810359	1443.289097	1510.023873	2807.052021	1763.369635	1507.051353	1921.850744	1337.375724	1701.993616	2829.336995	1780.038639
xylitol		3030.595092	1079.511348	964.2579051	1247.932694	370.7232559	1119.467545	2481.004775	1085.035762	1239.034149	1015.463438	1191.197717	1162.106063	2212.952514	1530.193958	881.8428619	1390.921552	2072.851125	1449.336791
xanthine		242.4107388	80.3026332	151.4035241	184.1212171	104.6999397	344.7789776	434.2028383	103.443824	173.8699146	203.9424477	111.5623239	217.2633074	298.4469674	119.4198988	105.7180039	94.26426182	50.89812584	307.6965013
valine		149537.931	159095.7802	190372.2141	151625.1565	156546.7088	191179.9431	183786.6123	148016.8682	145389.8538	130122.9295	148398.2839	147700.649	208467.3234	152803.8327	170485.3225	154629.0003	111337.1553	177340.5431
uridine		1352.154197	1764.624952	1161.834135	1758.491045	1967.93152	2258.089477	1477.585778	687.001918	927.587554	704.4512048	470.2411933	1220.71663	2102.886965	1400.653728	1558.266188	823.2412199	1259.479114	1553.819404
uric acid		61.754827	70.13774292	38.65621891	103.1790395	61.96527043	73.42515264	55.08543471	65.21458468	71.74244049	54.38465273	43.18541571	50.52635056	34.92464512	68.81824677	69.61917331	29.32665923	41.91610364	65.18181337
urea		237702.6246	247519.1442	308348.8466	320192.1334	281140.7054	213732.1063	243551.0687	232796.9527	231175.244	277708.4311	130860.2068	209555.0074	265707.7584	308420.1053	116754.7916	270375.04	201639.4125	67658.72228
tyrosine		35366.15988	31559.95134	42095.54861	30947.48554	29724.09921	29225.33902	28271.78929	39505.42126	34922.53197	46288.98731	28805.87187	27826.88231	40840.66834	51665.29876	48217.72373	47624.39983	24673.615	31761.75568
tryptophan		43246.81318	45038.59585	43245.57112	52777.85767	33694.14998	44072.11771	58563.37785	53943.70543	57978.86429	55618.50453	34291.61926	37677.49961	52291.71865	52640.89862	59106.67814	35437.07816	32079.79132	53383.90515
trans-4-hydroxyproline		2672.970124	3191.775547	2708.082891	1611.727756	2972.196247	3773.414366	2950.85113	3966.845772	5723.358693	3583.438759	5322.602486	4508.971524	2017.162836	3783.991539	3812.724108	2317.85346	3245.504024	3442.174879
tocopherol gamma-		906.0447006	664.7838242	522.9327392	551.4741768	724.352644	808.7408117	1440.862155	516.0947305	611.0767872	1093.641376	956.07712	596.2109366	579.9607735	654.7853774	464.987318	650.4234066	728.5418013	615.3930027
tocopherol alpha-		3775.339872	5232.885515	3325.50861	2744.028767	3004.247249	5533.489764	10361.46226	4134.379791	3512.003469	4553.864906	3754.731977	5249.687823	8135.325668	3970.205619	3979.466326	3810.370939	3876.241584	3233.209654
threonine		17677.54966	14228.81341	24611.12604	10955.65716	14708.20479	15079.82374	10262.09246	15062.32028	18874.17005	16597.5162	19090.35293	20527.84571	15457.85959	20893.42213	30340.20763	17151.90613	17003.96604	17878.98798
threonic acid		8321.23251	4360.737929	5868.228787	4718.66211	6273.449448	8067.189597	11259.03081	7527.786973	10457.51574	7821.19287	4004.247712	7436.468276	10584.28412	7290.686026	7454.408519	6144.98249	4906.18013	8600.16514
taurine		8964.588767	9525.51868	5997.082851	7876.29651	4442.26887	6120.890986	3882.983094	4009.572569	3400.591679	8311.504505	5089.881079	788.2110688	2429.908642	4821.325406	6004.438824	3008.077333	2702.590682	5481.023659
tagatose 		1561.383238	1272.644263	1240.220357	572.8215643	518.1578648	904.51275	1097.388268	1000.706558	1191.768541	1074.096891	885.3010221	380.9686832	1507.051353	1206.343385	1051.163567	1438.053683	1347.303331	1678.431694
sucrose		403.7106601	212.4462068	85.90270869	104.9579885	116.4519737	107.4773973	41.04404939	130.4291694	83.55884245	99.42194327	75.57447749	130.3579845	125.9403869	99.179238	132.3623789	200.0497112	120.7582986	88.18715926
succinic acid		1272.886807	973.7964887	1607.454436	1317.311703	897.4280545	1004.541219	1705.488263	924.2480795	1520.939738	1707.168239	1040.048762	814.4847711	1844.656256	1180.030526	2027.550986	1918.801418	787.4239469	1162.728524
stearic acid		321597.9396	215716.252	248322.1814	325180.3063	217195.7514	249661.481	254504.4293	215791.6875	124904.4329	236339.5553	224275.0593	219432.9089	263320.1827	229071.6547	202284.9543	321683.0778	235708.2228	206868.8631
serine		48239.73703	33260.53748	48137.73038	21447.00863	41933.39421	28994.42223	31727.05018	28216.55177	37703.60658	35219.1612	49981.12071	27516.65052	37091.03144	35729.8265	50503.98301	31401.52037	39484.96962	34493.6405
salicylic acid		142.8656446	171.7866457	175.026769	177.8948958	128.2040078	108.54153	234.3831242	163.0364617	68.36632564	181.8486826	112.7619188	102.0632281	99.48232246	200.3825421	135.8003627	917.5054817	100.7982492	135.1564071
salicylaldehyde		110.6056603	177.8855799	67.64838309	122.7474781	134.6142082	175.5818868	144.7342794	158.5389041	162.8975413	148.7080348	170.3424731	125.3053494	144.9901934	158.8891874	82.51161281	133.0173472	96.80623935	121.736622
saccharic acid		329.9735532	277.5015046	244.8227198	186.7896405	147.434609	151.1068359	349.9545264	327.1973128	265.0250154	208.1912487	151.148955	160.6737948	321.7300641	268.1887558	262.1462699	344.588246	129.7403208	161.9959773
ribose		2061.873851	2405.01304	2583.523964	1463.185518	2233.954836	1511.068359	1613.679205	592.5532091	394.1614083	199.6936467	478.6383575	411.2844936	2944.253416	1719.444136	630.8700396	558.2539061	669.6596557	438.0601281
ribonic acid		275.5924369	286.6499059	322.1351576	178.7843702	193.3743784	183.0308153	278.6674933	269.8534539	215.2273215	274.4725442	435.4529417	259.7054419	261.4056771	319.8024409	259.567782	281.7454048	412.1750191	261.6858095
ribitol		645.1996851	671.8992474	634.6062605	400.2635154	447.6456605	335.2017838	353.1948461	398.0338444	524.9858586	479.2647521	415.0598288	418.3581827	1261.520515	574.8347672	692.7537492	519.5008207	457.0851301	476.4023712
raffinose		280.2010061	197.1988714	148.1821725	148.542238	238.2457811	45.75770382	58.3257544	44.97557564	32.91711975	41.63824974	38.38703619	43.45266148	25.39974191	42.50538771	42.11530237	33.51618198	24.95006169	23.96390197
pyruvic acid		165.9084905	132.1435736	100.9356827	179.6738447	153.8448093	151.1068359	172.8170501	123.682833	173.8699146	110.4688259	97.16718535	144.5053626	156.6317418	152.8169892	143.5358264	134.0647279	130.7383232	154.3275287
pyrophosphate 		239.6455973	65.05529778	204.0189331	16.01054062	462.6027948	124.5035197	145.814386	145.0462315	34.60517718	80.72721889	53.98176964	64.67372872	110.0655483	90.07094063	295.6666126	40.84784679	70.85817519	395.8836606
p-tolyl glucuronide		149.3176414	276.4850156	204.0189331	293.526578	300.2110516	393.7290794	222.501952	142.7974527	162.8975413	240.4821363	167.9432833	698.2741648	291.0387093	326.8866722	375.5997375	550.9222413	375.2489278	452.4384693
pseudo uridine		1539.262106	1314.320313	1299.278469	1699.785729	1166.656471	1419.552951	1266.964998	1110.896718	1473.67413	1679.126153	1287.165307	1424.843086	2020.337804	1759.925458	1555.6877	1963.838788	1051.894601	1629.545334
propane-1,3-diol NIST		2854.54775	2849.218745	3325.50861	2758.260359	3185.869594	2812.502586	2874.163564	2573.727316	2351.463991	2706.486233	3354.067287	2599.075473	3033.152513	2613.069311	2928.302759	2770.321917	2596.80242	2925.513153
proline		73070.70776	83291.11094	76671.38886	27732.92477	72796.37236	87917.57516	61628.72027	182826.8394	187801.4525	102927.2041	138500.4266	165857.7984	110555.5516	151287.8072	94208.49342	73342.8326	112135.5572	120167.4657
pipecolinic acid		414.7712261	307.9961754	507.8997651	211.6949259	414.5262919	288.3799473	482.8076337	817.4310873	814.4877067	668.7612765	922.4884634	661.8951924	588.4273542	660.8575756	670.4068541	365.5358597	741.5158334	888.5814852
pinitol		87.56281441	323.2435109	82.68135712	93.39482027	65.17037063	97.90020353	69.12682003	130.4291694	140.9527948	194.5950855	77.97366725	104.0842822	129.1153547	231.7555663	79.07362894	167.5809099	70.85817519	214.7165617
phosphate		10511.22458	10627.39279	9132.531718	8682.160387	13817.18694	16413.18195	11593.86385	10907.70148	6799.495301	10938.11328	10087.39335	9824.343603	10115.44721	11172.84477	11784.5492	12086.77313	7700.587039	9138.873656
phenylethylamine		250.7061633	259.2047021	223.3470426	174.3369978	279.9120837	156.4274991	250.5847226	205.7632586	841.4966255	289.7682278	277.1064175	392.0844804	523.8696768	531.3173464	363.5667939	305.8351606	216.5665354	231.9705711
phenylalanine		28463.44496	22311.93416	21141.73039	16285.38823	20101.32005	21073.01881	32855.76154	18098.17164	18649.65841	20808.07799	17664.03462	22845.99467	42653.57492	24733.07548	24413.12344	18935.59544	14028.92069	22746.53575
pentadecanoic acid		6367.199178	5199.341377	2087.435821	5260.352067	5075.810342	5879.332875	5667.319136	6081.822216	5027.035006	5486.901604	5105.475813	5467.961658	5405.911736	3381.202389	924.8176602	1760.646935	5674.64203	5724.496903
pelargonic acid		10325.03839	11974.24075	14316.76019	10533.15678	13113.13326	12037.4685	17575.49399	11440.66205	9053.051961	9496.070222	9804.288961	10782.32321	11121.91199	10389.5312	8435.093418	10573.30803	11666.64885	11156.6342
palmitoleic acid		3654.595359	2051.274858	2558.826935	1744.259453	2636.729094	2512.41718	1077.94635	1387.496509	253.2086135	1071.547611	1182.800552	2348.464774	2822.546319	2056.451139	1263.459071	1797.305259	2094.807179	2203.720425
palmitic acid		99269.50183	58029.32562	69368.58484	79050.26535	58743.07637	73714.59672	61653.56272	54415.94897	25772.41671	65792.6834	55860.33522	64619.16026	79144.53746	64418.93914	50261.60514	89399.17853	61100.70507	67888.77573
oxoproline		112862.0158	97952.94868	107537.3059	81309.53053	79638.19291	86753.41405	103302.4718	96327.56352	111658.2463	111308.3889	104917.7679	113185.0884	141744.318	138956.1846	136461.3151	110843.2507	95754.34475	141326.6326
oxalic acid		452.5614934	328.325956	398.3738116	1151.86945	103.631573	372.4464265	581.0973309	311.4558613	364.6204034	321.2093552	201.53194	337.5160218	440.262193	410.8854146	395.3681447	361.346337	327.3448093	510.9103901
ornithine 		15900.48538	17547.65009	16933.57145	7264.338068	9481.754743	13434.67467	16772.97482	28119.85428	40116.68466	25768.12827	33418.31419	22415.51016	24811.31455	21199.0561	22453.47263	13115.30096	15649.67669	19204.67104
oleic acid		30623.02048	13272.29724	18376.73696	28474.74649	11261.65372	20457.95014	15459.56524	9379.6563	1975.027185	26097.83523	10611.61632	16440.26395	18565.09469	12601.83542	10649.15503	33280.52133	13227.5247	19934.13222
octanol NIST		1429.578159	1293.990532	1436.722803	1261.274811	1357.894116	1322.71688	1399.818106	1299.794136	1035.623229	1210.908283	1521.086309	1250.021913	1386.402579	1249.860805	1261.740079	1241.146114	1327.343282	1365.942412
nonadecanoic acid		1119.882311	379.1504074	571.2530128	695.5690424	523.4996985	649.1209147	519.5312568	545.3288547	327.4831401	771.5822606	641.7832612	595.2004096	408.5125157	564.7144367	565.5483461	763.5405208	716.5657717	615.3930027
N-methylalanine		12181.37005	3984.636989	5788.768782	2936.155254	3567.276517	7302.078224	5074.340633	6647.39008	6013.70457	8635.263141	9499.591861	6615.920343	5559.36851	4143.263269	6184.073481	5322.788651	6360.269725	6243.075742
N-acetylglycine NIST		756.7270592	287.6663949	818.2233003	1408.0381	641.0200389	777.880965	340.2335673	163.0364617	110.5677612	731.6435312	879.3030476	484.0424384	136.5236127	240.8638637	103.999012	1396.158456	429.141061	509.951834
n-acetylglutamate		317.9912734	376.1009403	552.9986872	491.8793868	394.227324	308.5984676	361.8356986	236.1217721	342.6756569	468.2178696	399.4650953	397.1371154	379.937806	607.2198245	605.9446565	471.3213091	339.320839	391.0908802
N-acetylaspartic acid		128.1182232	128.0776175	139.5919016	149.4317124	126.0672743	79.80994853	114.4912957	111.3145497	173.0258859	157.2056368	81.5724519	145.5158896	177.7981933	186.2140795	226.0474393	1870.621907	48.90212091	158.161753
myristic acid		3675.794777	2122.42909	2507.28531	3271.487133	3038.434985	4444.882067	2283.345274	1860.864442	899.7346066	2921.475564	2320.0165	4143.160746	3479.764641	2343.868522	1687.190583	3543.288864	2560.874332	4439.073202
myo-inositol		15761.30659	22422.73147	21076.22958	18216.43733	14089.62046	15234.12297	12729.05584	13475.80685	16034.01343	22792.26805	12517.77258	11194.61823	17427.39792	20047.3625	21233.84786	17766.71859	10629.72428	12445.89213
methyltetrahydrophenanthrenone3 NIST		1071.953191	227.6935422	696.8857243	390.4792962	461.534428	828.959332	993.698038	863.5310524	443.1150736	565.0905322	321.4914281	410.2739666	448.7287737	379.5123903	912.7847167	475.5108319	558.8813818	516.6617265
methionine sulfoxide		7033.598281	4606.728274	5658.840935	2146.301917	6091.827103	4888.62538	2181.815257	4262.560182	3587.122024	5588.023068	4765.990462	5530.614333	6500.217283	5480.158916	8040.584769	3238.501084	4534.923212	7059.765521
methanolphosphate		1445.247295	1094.758683	2133.608527	753.3848835	2799.120837	789.5864241	655.6246837	812.9335298	582.379811	1672.328071	632.1865022	725.5583941	1041.389418	1253.908938	2320.63911	944.7373796	665.6676458	2095.403589
mannose		16246.12807	25106.2625	10011.9607	11186.92052	19092.78186	20714.40611	16321.49027	19094.38064	12177.64625	15138.47794	18971.59304	16345.27441	11673.29805	16040.7237	10878.64045	10676.99872	16529.91487	14623.73154
mannitol		793.5956127	825.3890906	770.9768105	587.053156	543.7986664	720.417802	719.350971	1096.279656	962.1927312	3581.739238	1005.26051	663.9162464	779.983741	1269.089433	1040.849616	657.7550714	879.2401739	886.664373
maltose 		8038.266362	9596.672912	4110.444611	4384.219706	5798.026252	2586.906465	558.4150931	564.4434743	618.6730456	1260.194375	459.4448394	465.8529522	800.09187	607.2198245	777.8438499	581.2962812	478.0431819	475.4438151
malic acid		823.0904554	936.1863946	2646.877212	1400.03283	496.7905302	278.8027535	766.8756597	347.4363218	757.0937543	1041.806004	229.1226222	488.0845464	1304.91174	1558.530883	836.2895756	803.3409869	427.1450561	550.2111893
maleimide		472.8391978	754.2348587	924.5279023	281.9634098	370.7232559	715.0971388	982.8969723	661.140962	557.9029784	376.4437681	852.9119603	634.6109631	970.4818053	589.0032297	471.8632857	335.1618198	408.1830092	753.425078
lyxitol		1378.883898	851.8178053	1216.597112	1055.806206	257.4763823	809.8049444	1505.668549	1221.086879	1331.877307	1473.484185	1224.786373	960.0006607	1681.674579	1324.75125	1191.26141	1486.233195	1223.551025	1156.018631
lysine		26616.33044	30998.84939	31277.17623	20291.58128	16149.43151	23230.01568	22599.06962	38546.31711	22723.785	31921.24187	36370.51719	21501.99375	30438.41571	53309.85246	42309.54846	24798.83252	26731.49609	30260.65686
linoleic acid		16977.96886	6804.377552	1068.414939	15068.58714	5863.196623	9978.371831	7468.936883	3079.702542	1065.164234	11826.11269	5301.009778	7259.626049	10272.07896	5901.164661	4888.813059	12140.18954	6101.787086	9915.30408
leucine		91822.05404	102454.9786	98468.12741	88983.91633	76232.23977	108410.6417	103454.7668	98343.5937	82589.89749	80559.81613	75038.25858	88891.00854	117079.052	95618.90576	97477.15658	114260.8539	65571.75612	107525.0696
lauric acid		7026.224571	8792.630091	6149.560158	11652.11567	13013.77516	7464.890519	1948.51224	10414.09454	2210.511196	3788.230966	3481.224344	11044.04971	11402.36747	4643.207591	5417.403078	16805.22312	5109.772634	11481.58471
lactobionic acid 		40.55540878	27.44520375	33.28729962	20.45791301	49.14486965	42.56530588	30.24298376	40.47801808	37.13726331	32.29088756	41.98582083	33.34739137	23.28309675	5.060165204	10.3139516	53.41641503	26.94606662	60.38903297
lactic acid		354643.224	488395.5327	698365.3984	528072.1033	349206.3499	241673.0372	320058.2569	232324.7092	452732.7808	259526.9619	310752.6547	195280.3028	658497.8338	572606.2704	638981.103	383715.2463	280737.0961	267693.0805
lactamide		1421.282735	1662.97605	1981.131219	1516.553986	1231.826842	852.3702503	711.790225	772.4555117	1634.039586	953.4309431	1013.657674	601.2635717	2267.985288	2259.86978	3517.916992	1387.77941	952.094354	956.6389668
isothreonic acid 		413.8495123	473.683887	671.1149117	384.2529748	370.7232559	429.9095894	478.4872074	68.58775286	784.9467018	344.1528805	375.4731977	213.2211994	758.8172894	80.96264326	550.9369147	734.2138615	586.8254509	492.6978246
isothreitol		191.7164779	194.1494043	200.7975816	115.6316822	132.4774747	159.6198971	227.9024848	206.887648	383.1890351	249.8294985	218.3262683	268.800185	262.4639997	229.7315003	175.3371772	174.9125747	184.6304565	162.9545334
isoleucine		63910.71566	63227.65051	73558.48945	57293.7196	54751.65826	70385.9898	66005.31206	52204.27504	55173.31285	49196.86671	47058.90758	58033.55573	73603.16043	53520.35533	65989.52184	73706.2737	38351.23882	67634.75837
isoheptadecanoic acid NIST		539.202594	666.8168023	385.4884053	802.3059799	297.0059514	309.6626003	343.473887	629.658059	117.3199909	246.4304577	345.4833257	322.3581166	495.2949672	447.318604	457.2518543	502.7427297	289.4207156	368.0855343
isocitric acid		482.0563361	346.6227585	464.9484108	643.9795226	374.9967228	537.3869867	412.6007071	315.9534189	496.2888824	750.3382556	344.2837308	451.705574	330.1966448	381.5364564	483.0367333	669.2762589	332.3348217	494.6149367
inosine		4615.94289	4596.563384	3739.98918	2502.981183	1686.951069	372.4464265	537.8930684	214.7583737	302.1622788	70.5300965	353.8804898	538.610897	1146.163353	2080.739932	360.988306	1015.959266	449.1011104	484.0708199
indole-3-acetate		709.7196536	1013.439561	1100.628455	748.9375111	323.7151197	1048.170657	747.4337416	469.9947655	535.9582319	713.798567	752.1459903	593.1793556	1409.685676	1051.502329	2065.368808	821.1464585	652.6936137	1113.842164
hypoxanthine		4907.204462	5531.733289	12089.73246	3964.387752	3556.592849	1990.992183	2364.353266	1881.103451	4258.12485	1300.133104	521.8237732	1650.190609	6728.81496	10546.39632	5924.505699	4989.721592	3202.589918	3142.146827
hydroxyproline dipeptide NIST		316.1478457	442.1727271	108.4521697	194.7949109	138.8876751	204.3134682	363.9959117	577.936147	243.0802689	250.6792587	164.3444987	305.1791574	303.7385803	439.2223397	336.922419	194.8128078	286.4267082	536.7914042
hydroxylamine		20435.31745	28084.57535	19286.23189	17861.53701	20755.16049	32979.599	36521.64321	30008.82846	28228.54026	15567.60684	32300.29176	19536.51871	26373.39868	22539.99988	25068.91886	25521.5252	28945.06557	24556.28963
hydroxycarbamate NIST		2202.896068	3568.892977	1969.319597	1578.8172	1898.487682	4137.347732	3605.395707	3777.948354	2755.753743	2183.883711	2739.874708	2306.02264	2756.930319	3029.014891	1853.073304	2704.336934	2478.040127	2742.428942
hydrocinnamic acid		1113.430314	2770.94909	1137.137106	384.2529748	545.9353998	546.9641806	1675.245279	1285.177074	1498.994992	649.2167919	618.9909585	783.1584337	2460.599997	3074.556378	1362.301107	691.2712534	1625.74602	890.4985973
histidine		6150.596427	2989.494231	2926.061015	2454.949561	1851.479546	3122.165186	3724.207429	2660.305299	4050.493787	7344.477399	6195.907559	3134.654789	5243.988381	4981.226627	2354.159453	2037.155436	2904.18718	5625.765627
hippuric acid		664.5556756	1186.242695	531.52301	402.0424644	276.7069835	310.7267329	668.5859625	676.8824134	709.8281465	676.4091183	182.3384219	755.8742044	1196.962837	1459.351645	781.2818338	792.86718	575.8474238	702.6216059
hexuronic acid		331.8169809	420.8264575	244.8227198	334.442404	322.6467529	407.5628038	569.2161587	454.253314	416.1061548	355.1997631	385.0699567	520.4214108	388.4043866	426.0659102	310.278044	451.4210761	405.1890018	499.4077171
hexose		10723.21877	17586.27667	6538.269915	6752.000768	11646.26574	12701.48727	10327.97896	11838.6959	8010.676502	9309.122978	11538.90316	10566.07043	7604.047733	9818.744562	6594.912553	7613.410213	9875.234416	9911.469856
hexitol		586.2099996	724.7566768	335.0205639	551.4741768	138.8876751	900.2562194	1030.421661	692.6238649	849.0928839	374.7442477	563.809594	666.9478274	1049.855999	648.7131791	296.5261085	895.5104873	392.2149697	813.814111
hexadecane		5930.30682	1847.977053	3647.643768	1675.769918	4962.563468	4599.1813	5756.967981	6278.59036	2309.262555	4015.9667	2460.369101	2662.738675	5674.725671	5642.084202	5885.82838	4679.696909	5410.171376	4787.987614
heptadecanoic acid		5612.315546	3410.320688	3944.008113	6428.232058	3026.682951	4866.278595	2345.991455	3026.856241	1255.914723	3898.699792	2329.613259	3687.413064	4668.260898	3627.126418	2833.758202	5507.127652	1412.173492	4109.32991
guanosine		400.9455186	428.9583697	206.1665009	163.6633041	157.0499095	65.97622411	42.12415596	24.7365666	61.61409595	38.23920895	70.77609797	85.89479596	149.2234837	60.72198245	70.47866927	129.8752052	91.81622701	66.14036945
glycolic acid		2272.946319	2353.172099	2301.118809	2019.996541	2210.450768	2221.908967	2766.152908	1738.305999	2020.604736	2081.912487	2421.982064	1087.327064	2276.451868	714.4953268	2423.778626	2042.392339	2017.960989	1972.70841
glycine		139684.8101	83187.42906	161439.108	79028.91796	114227.6342	86614.01267	80899.98157	104218.5283	151211.9638	140535.891	194986.9503	148811.2182	101299.4623	122911.4128	164216.1589	101257.6227	90796.26849	120773.2732
glycerol-alpha-phosphate		915.261839	1335.666583	690.4430211	578.1584112	575.8496683	629.966527	1041.222727	616.1653863	803.5153334	628.8225471	518.2249885	602.2740987	1267.87045	123.468031	550.9369147	759.350998	612.773515	638.3983486
glycerol		60519.73046	36536.68162	55797.03065	113537.8593	41890.65955	44672.28852	49178.33192	24031.57446	19322.34929	63001.22114	35006.57781	41147.64937	73160.78159	26254.16114	42833.841	61095.81023	33606.73509	46933.78129
glyceric acid		801.8910372	3670.54188	3406.0424	1650.864633	1777.762241	1406.783359	2473.444029	2478.154218	2399.573627	1949.349896	1287.165307	1560.253705	3442.723351	4295.068225	2401.431731	2400.596534	1775.44639	2136.6215
glutaric acid		115.2142295	111.8137931	123.4851437	219.7001963	121.7938074	100.0284688	76.68756597	111.3145497	167.1176849	130.8630706	52.78217476	66.69478274	188.3814191	175.0817161	143.5358264	227.2816091	75.84818753	85.31149102
glutamine		15715.2209	9895.520686	18998.45781	15041.90291	20016.91908	20435.60335	29180.15891	28434.68331	28269.05364	21960.35282	38642.5499	32415.68547	31451.23041	15460.82876	22179.29342	16755.99623	23818.32689	26880.78812
glutamate		21299.88503	17762.12927	19005.9743	9780.661369	9167.654924	8484.329595	20628.95525	14011.0162	14719.0167	7856.882799	7709.796299	7074.699606	19122.83069	16983.93849	16096.64047	12189.41643	11114.75348	10961.08876
glucose		186706.9632	225115.7261	139596.1968	178712.3228	234938.1177	207930.4551	243737.9271	275451.7886	275079.9295	244998.6117	279155.3255	260706.8742	168014.0011	201301.4681	177367.3067	173227.3392	263324.9471	212166.8025
gluconic acid		82.95424523	176.8690908	134.2229823	58.7053156	137.8193084	55.33489764	69.12682003	121.4340542	150.2371107	91.77410148	154.7477396	84.88426894	98.42399988	169.0095178	155.56877	125.6856824	171.6564244	124.6122903
galactose		898644.2602	1035134.486	704838.1675	786974.9977	1045817.783	1019286.905	1106716.068	1214512.574	1108316.046	1030192.331	966974.2399	1126948.818	732076.6528	954429.1321	798663.4207	690698.3361	1142948.354	1026199.464
fumaric acid		942.9132541	651.5694668	1365.853068	1014.89038	433.756893	740.6363223	1396.577786	655.519015	963.8807886	1236.401089	851.7123654	791.2426498	1655.216514	1322.727184	1602.959978	1616.1084	717.5637741	733.2954004
fucose 		152.0827829	101.6489028	167.5102819	137.8685442	101.4948395	131.9524482	120.9719351	133.8023375	75.96258404	101.9712239	93.5684007	134.4000925	223.3060643	180.1418813	103.139516	178.0547168	106.786264	121.736622
fructose		2136.532671	2726.223573	1063.04602	2301.959951	1454.047122	1029.01627	2182.895364	1823.759592	2002.880133	787.7277043	1267.971789	1533.980003	3025.744255	2268.978077	2324.93659	1987.928544	1916.164738	2397.348753
ethanolamine		2148.514951	5273.545076	2333.332325	2985.076351	2392.073112	3326.478655	2839.600154	2607.458998	1812.973673	2584.970525	2781.860529	2568.759663	3141.101416	4151.359533	2649.826065	2459.249853	1933.13078	3006.99042
dodecanoic acid, isopropanol ester NIST		147.4742137	106.7313479	213.6829879	140.5369676	226.4937471	344.7789776	403.9598546	264.2315069	197.5027185	200.5434069	94.76799559	112.1684982	252.9390965	206.4547403	341.2198988	292.2192116	243.5126021	214.7165617
dihydrocholesterol		397.2586632	836.5704699	303.880832	198.3528088	330.1253201	351.1637735	544.3737077	761.2116178	287.8137907	248.9797383	328.6889973	368.8423591	665.6849024	573.8227341	294.8071166	304.7877799	339.320839	270.3128143
diglycerol		1246.157106	1712.784012	1192.973867	861.9007699	564.0976343	944.9497905	1134.111891	1155.872294	1144.502933	1271.241257	873.3050732	878.1479728	1706.015998	1395.593563	1187.823426	901.7947714	884.2301862	1053.453131
cysteine		345.6426884	414.7275234	382.2670537	454.5214587	354.6977549	938.5649947	325.1120755	359.8046051	738.5251226	548.0953283	338.2857564	430.4845068	1211.779353	568.7625689	752.0589709	467.1317864	270.4586687	488.8636003
creatinine		20873.13153	18611.9141	21675.40097	17032.54679	22372.66773	16138.63572	17657.58209	21355.5277	12714.44851	27556.02373	21218.43425	19408.18178	20429.85907	24358.62326	18329.61099	20994.74587	16160.65396	21439.06526
conduritol-beta-epoxide 		703.2676567	1214.704388	702.2546436	1383.132814	584.3966022	807.6766791	659.94511	756.7140602	687.8834	1397.005767	556.6120247	559.8319642	990.5899343	1154.7297	525.1520357	1529.175803	411.1770166	766.8448631
citrulline		2181.696649	1732.097303	2047.705818	1389.359136	1712.591871	1421.681216	2356.79252	3417.01936	3176.080042	2875.588513	3535.206114	2429.306935	3125.226577	2852.921142	2310.325159	1350.073705	1769.458375	2352.296618
citric acid		28665.30029	22489.81974	27981.73357	38425.29748	21667.54568	30870.48809	24779.80477	16814.11895	33788.15738	40076.3905	24222.21983	27223.59768	24799.673	22012.73067	29058.69914	39928.24655	18323.3253	29447.8013
cis-gondoic acid		175.1256288	54.8904075	128.854063	231.2633645	116.4519737	180.90255	119.8918285	50.5975226	29.54100491	197.1443661	98.36678023	137.4316735	113.240516	70.84231285	60.16471767	290.1244503	110.7782739	98.73127613
cholesterol		170075.5587	198964.5128	139544.6551	118811.5535	149242.2855	166047.2582	239960.7945	201721.0787	119476.4843	142843.8397	172083.0852	143381.6566	222958.9344	171666.1045	125203.637	160428.3472	161210.3326	123062.3051
cellobiose 		1635.120345	1781.905266	678.6313987	853.0060251	1145.289136	553.3489764	113.4111891	65.21458468	194.9706324	320.359595	73.17528773	85.89479596	138.6402579	130.5522623	186.5106248	120.448779	133.7323306	135.1564071
capric acid		959.5041031	1233.001191	1215.523328	1078.932543	1401.697152	399.0497426	823.041201	673.5092453	641.4618208	655.1651133	741.3496364	970.1059308	833.9581926	743.844285	678.1423178	1205.535171	784.4299395	995.939766
beta-alanine		658.1036788	1304.155423	953.5200665	897.4797491	1664.515368	2100.597845	971.0158001	680.2555816	636.3976485	4474.837207	1517.487524	1994.78032	1652.041546	1071.74299	960.9164908	1033.764738	714.5697667	2278.4878
benzoic acid		11899.32562	11468.02921	13802.41772	12500.67432	11807.58912	11683.11233	13350.11712	12142.28103	9703.798097	11297.56184	13006.0077	9971.880547	13147.5414	13078.50299	11876.51527	11399.6914	9851.282357	12101.7705
behenic acid		646.1213989	469.6179309	612.0567994	1151.86945	536.3200993	527.8097929	1446.262688	724.1067679	580.6917536	2140.545941	1302.760041	662.9057194	755.6423217	627.4604853	558.6723784	1147.929233	715.5677692	558.838194
aspartic acid		2708.916964	3450.98025	2433.194224	1553.02244	2466.858783	1735.600347	2123.489503	2662.554078	1897.376544	1654.483107	2279.230274	1833.095998	2143.103223	3229.397433	2221.797074	1985.833782	1982.0329	1933.407611
asparagine		3178.99102	2944.768714	3264.30293	3579.245303	2461.51695	2865.709218	3367.772263	3368.670616	4513.021521	3865.559145	4492.482829	3436.802365	4138.041285	3728.329722	4401.478846	3537.00458	3170.653839	3721.114698
arachidonic acid		1106.056603	714.5917866	1143.579809	1026.453549	741.4465117	778.9450976	609.1801015	577.936147	369.6845757	566.7900526	726.9544978	669.9794085	506.9365155	580.9069654	769.2488902	159.2018644	760.4778802	702.6216059
arachidic acid		3297.892105	1203.523009	1970.393381	3460.055722	2019.213123	2624.151108	3339.689493	2020.527736	735.1490078	2924.874604	2685.892938	2238.31733	2910.387093	2352.97682	2005.20409	3483.588165	2371.253863	1342.937067
arabitol		1469.211854	54.8904075	1216.597112	1124.295741	962.5984252	893.8714235	1197.838178	1165.991799	1398.555575	1473.484185	1287.165307	992.337525	981.0650311	1453.279447	1254.004615	1439.101064	1198.600963	1166.562748
aminomalonate		1892.278505	1711.767523	2106.763931	1079.822017	1388.876751	2594.355393	2384.875291	2732.26622	4096.915366	2652.101581	3783.522254	2580.885987	223.3060643	2679.863492	2684.205904	2088.47709	3099.795664	2170.170963
alpha-aminoadipic acid		413.8495123	262.2541692	149.2559564	221.4791452	168.8019436	153.2351012	289.4685589	274.3510114	157.8333691	252.3787791	117.5602983	131.3685115	320.6717416	301.5858461	213.1549998	387.5308542	210.5785206	244.4318001
allantoic acid		363.1552513	496.0466456	758.0914042	1069.148323	505.337464	260.7124985	534.6527487	483.4874382	654.9662802	347.5519213	227.9230274	504.2529786	771.5171604	455.4148683	722.836108	1012.817124	507.983256	498.449161
alanine		109143.8222	158078.2747	157950.3843	120662.5499	161561.6222	171735.0472	121043.2221	161103.6363	225908.5048	130179.8634	231265.0987	180445.7663	163221.9165	155825.7634	181320.1286	119704.0913	110287.2567	148675.8821
aconitic acid		244.2541665	251.0727899	330.7254285	404.7108878	211.5366129	238.3657129	211.7008863	152.9169572	326.6391114	356.0495233	226.7234325	277.8949281	349.2464512	374.4522251	345.5173786	612.7177018	152.6943775	229.0949029
acetophenone NIST		2800.166633	2401.963573	3344.83672	2511.875928	3443.345976	2906.146259	2748.871203	2445.546926	2248.492488	2296.901817	3698.351018	2594.022838	2015.046191	2482.517049	2948.071166	2620.546479	2835.32501	3329.065262
5-methoxytryptamine		2206.582923	2394.84815	703.3284274	752.495409	492.5170633	678.9166288	157.6955582	91.07554068	118.1640196	50.98561193	103.1651598	161.6843218	271.9889029	187.2261125	107.4369958	1115.460432	73.8521826	78.60159847
5-aminovaleric acid		249.7844495	257.171724	207.2402847	173.4475234	306.621252	230.9167844	356.4351658	308.0826932	1006.082224	212.4400497	247.1165455	238.4843747	499.5282575	572.8107011	264.7247578	189.5759043	161.6763997	285.6497115
5,6-dihydrouracil 		624.9219807	461.4860186	323.2089415	396.7056175	327.9885866	487.3727523	145.814386	362.0533839	224.5116373	486.0628337	255.5137096	418.3581827	587.3690316	435.1742075	354.1123383	461.8948829	281.4366958	542.5427407
4-methylcatechol		835.9944491	730.855611	885.8716834	647.5374205	926.2739563	758.7265773	893.2481276	872.5261675	711.5162039	824.2673929	903.2949453	828.6321492	815.9667087	825.8189613	802.7692329	848.3783564	876.2461665	908.7111628
4-hydroxybutyric acid		267.2970124	225.6605642	242.6751521	215.2528239	228.6304806	213.890662	244.1040832	222.6290994	211.8512066	257.4773403	221.925053	231.4106856	211.6645159	228.7194672	182.2131449	232.5185125	256.4866341	276.0641507
4-aminobutyric acid		27.65141508	44.72551722	69.79595081	32.02108124	47.00813619	56.39903029	37.8037297	34.85607112	13.50445939	24.64304577	9.596759047	40.42108045	19.04980643	20.24066082	31.80135077	32.46880129	8.982022208	41.21791139
3-hydroxybutyric acid		133702.8873	9049.801815	16994.77713	25260.18572	9410.174172	30836.43585	30868.36546	7140.997023	1416.280178	16561.82628	13491.84362	18628.05493	11660.59818	12897.34907	7498.242814	34316.38083	27274.40943	36280.38903
2-hydroxyvaleric acid		1854.488238	2093.967397	2099.247444	1861.670084	2133.528363	2560.303149	1285.32681	1133.384506	465.0598201	1568.657327	1085.633367	1373.306208	1191.671224	1546.386486	1577.175099	1805.684304	1572.851889	2341.752501
2-hydroxyglutaric acid		139.1787892	182.968025	144.9608209	63.15268799	113.2468735	170.2612235	105.8504432	105.6926028	148.5490532	122.3654686	133.1550318	150.5685247	241.2975481	192.2862777	120.3294353	152.9175803	118.7622936	169.664426
2-hydroxybutanoic acid		18795.58854	10538.95824	14127.77423	23505.25258	8444.370646	12595.07401	14104.0315	5855.819949	4698.707837	14303.16367	9578.765123	13454.15663	6980.695734	12052.30148	15505.30724	24477.28665	11491.99841	9066.981951
2-deoxytetronic acid		157.6130659	221.5946081	134.2229823	173.4475234	116.4519737	59.59142823	194.4191813	130.4291694	200.8788334	139.3606726	121.159083	226.3580505	209.5478707	173.05765	139.2383466	204.2392339	115.7682862	246.3489123
1-monostearin		104.1536635	577.3657678	659.3032892	420.7214285	528.8415321	174.5177541	390.9985758	1077.165037	553.6828348	519.2034815	741.3496364	279.9159821	1188.496257	1217.475748	734.8690516	315.2615868	1020.956524	531.0400677
1-monopalmitin		552.1065877	262.2541692	405.8902986	273.068665	245.7243483	396.9214773	902.9690867	509.3483942	357.8681737	267.6744626	287.9027714	411.2844936	1289.036902	518.1609169	488.1937091	266.0346945	581.8354386	249.2245805
1-monoolein		1064.57948	1229.951724	571.2530128	528.3478404	635.6782053	990.7074944	1889.106379	645.3995105	517.3896002	738.4416128	916.490489	2235.285749	4532.795608	923.9861662	569.8458259	932.1688114	1444.10957	1433.041338
1-monoheptadecanoyl glyceride NIST		50.69426097	54.8904075	17.18054174	24.01581093	20.2989679	57.46316294	46.44458221	47.22435443	31.22906233	39.93872935	41.98582083	18.1894862	40.21625802	49.589619	22.34689514	33.51618198	53.89213325	45.05213571
1-methylgalactose NIST		450.7180657	377.1174293	296.364345	393.1477196	274.57025	425.6530588	669.6660691	447.5069777	498.8209686	426.5796198	344.2837308	615.4109498	556.6776768	543.4617429	414.277056	488.0794001	385.2289525	484.0708199
1-kestose		280.2010061	197.1988714	148.1821725	148.542238	266.0233162	77.68168323	58.3257544	47.22435443	32.91711975	41.63824974	57.58055428	49.51582355	6.349935476	42.50538771	28.3633669	6.284284121	21.95605429	37.38368708
1-hexadecanol		287.5747168	189.0669592	150.3297402	159.2159317	179.4856109	145.7861726	332.6728214	227.126657	139.2647374	141.060193	430.6545622	211.2001454	157.6900643	250.9841941	171.0396974	155.0123417	426.1470536	128.4465146
1,5-anhydroglucitol		1645.259197	1548.112789	4946.922237	1384.911763	3457.234743	1942.042081	1555.353451	297.9631886	6204.455059	1964.64558	3883.088629	2148.380426	1463.660127	2444.059793	5877.233421	2212.068011	4360.272781	2492.245805
204584		1217.583977	1531.848965	1096.33332	753.3848835	1227.553375	1257.804789	1446.262688	1339.147765	790.0108741	940.6845401	1130.018378	1130.779726	1717.657546	1427.978621	986.7013698	1015.959266	1037.922566	1212.57344
192876		4468.468676	1528.799498	4847.060338	3551.671594	4471.114772	4727.941351	4870.200493	4439.089316	2373.408737	2670.796305	3587.988289	2469.728015	5048.198704	3749.582416	2584.504372	5073.512047	4820.351918	4249.279098
191801		956.7389616	1349.897429	1100.628455	1295.074841	1061.956531	859.8191788	1318.810113	916.3773537	1901.596687	2498.294985	1106.02648	1225.769265	1775.865288	1159.789865	167.6017135	1474.712007	969.0603959	591.4291007
189321		31095.85968	31422.72532	38334.08375	31405.5649	39104.35911	36439.09423	35704.00255	36393.11142	27169.28423	28348.84999	38661.74341	31538.54802	37482.61079	30468.26673	30929.82186	32200.67184	32219.51166	34387.24078
171305		2857.312891	3115.53887	2745.665327	2251.259906	2946.555446	2932.749575	3129.068713	3040.348914	2428.270603	2628.308295	3608.381402	2863.83355	3043.735738	3198.024409	2542.38907	2928.476401	2477.042124	2255.482454
171286		746.588207	851.8178053	820.370868	933.0587282	926.2739563	582.0805579	558.4150931	1152.499126	955.4405015	1271.241257	1597.860381	1453.137842	791.6252894	498.9322891	520.8545558	556.1591448	1434.129546	794.6429894
170131		2013.023017	2082.786018	790.30492	1174.106312	304.4845185	1557.890195	1719.529648	2465.785935	1264.35501	2433.713209	1602.658761	1702.738014	1792.79845	2736.537342	1429.341793	853.6152598	1044.908583	2351.338062
170069		5239.943157	4938.103697	6260.159896	6072.442267	2616.430126	12590.81748	5286.041519	5053.005924	5324.977141	2130.348819	2891.023663	9520.174973	5818.657542	4401.331694	4318.107737	4457.652204	2606.782445	10618.88424
161878		888.5321378	1192.34163	1028.684937	1070.927272	1131.400369	1179.058973	1029.341555	1134.508896	1060.94409	610.977583	892.4985913	1206.569251	1086.897289	1035.309801	1057.180039	1047.380687	244.5106045	1091.795374
161843		6145.987857	6569.568587	1879.121753	943.732422	5475.379499	1257.804789	6513.042575	7833.620888	7121.07024	6041.795014	7833.354572	5539.709076	5416.494961	5407.292537	3926.177576	4482.78934	7183.621761	6246.909966
131620		5922.933109	5417.886518	6765.912093	6119.584414	6460.413626	4493.832168	3888.383627	5368.959342	4400.765702	5697.642133	6973.245042	5539.709076	5275.738058	4958.9619	6405.82344	4691.218097	4219.554433	7351.166569
122191		1662.77176	1397.672413	1807.178234	1720.243642	1341.868615	1486.593308	1437.621835	1155.872294	1041.53143	1476.883226	1535.481447	1361.179884	1716.599224	1466.435876	1098.435845	1344.836802	1348.301334	1645.840788
121002		883.9235686	209.3967397	603.4665286	342.4476743	632.4731051	510.7836706	553.0145603	848.9139903	335.0793985	450.3729054	277.1064175	313.2633735	462.4869672	327.8987052	630.8700396	271.2715979	392.2149697	442.8529085
120562		3853.685548	3115.53887	3480.133486	2334.870507	4201.886355	3112.587993	2638.700333	3677.877698	3376.958875	3571.542116	3788.320634	3708.634131	3149.567996	3759.702746	2341.267013	2638.35195	3524.944715	4454.410099
119167		3625.100516	1130.335799	410.185434	1263.05376	1883.530548	1975.030193	1964.713838	1339.147765	1063.476177	2656.350382	2185.661873	2119.075143	1795.973417	1230.632178	1072.650966	1357.40537	1118.760766	1637.213783
119023		2796.479778	940.2523508	905.1997928	710.6901085	266.0233162	853.4343829	843.5632257	829.7993706	1131.842502	2093.80913	1414.322364	980.2112009	691.0846444	992.804413	918.8011884	735.2612422	1486.025674	880.9130365
117141		442.4226412	905.6917238	889.093035	521.2320446	975.4188259	1441.899737	1316.6499	1611.249997	1322.592991	519.2034815	1284.766117	1128.758672	1227.654192	637.5808157	569.8458259	1460.048678	1363.271371	588.5534325
106936		1746.647719	877.230031	2342.99638	2390.017924	2585.44749	693.8144859	966.6953739	742.0969981	981.6053916	1536.36644	880.5026425	449.68452	1014.931354	981.6720495	1733.603365	1455.859155	1171.654897	2096.362145
103102		22915.64939	1774.789843	21589.49826	18512.63233	23854.49238	23979.16507	25150.28132	23992.22083	18362.68865	20848.01672	19117.94362	22340.73116	22388.81417	22776.81562	18877.10992	22513.44787	21662.64156	19299.56809
101299		2642.553567	2862.433102	3194.506979	2805.402506	3185.869594	2709.281719	2763.992695	2406.193297	2348.087876	2706.486233	2934.209079	2594.022838	2959.069932	2277.074342	3009.09538	2894.960219	2700.594677	2925.513153
91421		4835.310783	20953.90482	18070.70856	34514.2782	2057.674325	20434.53922	1235.641908	4011.821347	7534.644308	26049.3989	8401.962545	16121.94794	17745.95301	14966.95664	28920.32029	16207.16875	10702.57846	19509.49187
89175		1159.516005	848.7683382	828.9611389	1004.216687	684.8230749	1039.657596	1257.244039	812.9335298	920.8353244	1148.026029	617.7913636	629.558328	822.3166442	921.9621001	577.5812896	960.4480899	661.675636	1539.441063
64546		2090.44698	3220.23724	1676.176603	2115.170311	2521.345487	3544.625847	3107.466582	4295.167474	4236.180103	2473.651939	3928.673235	2735.496619	2509.282836	3050.267585	1864.246752	2391.170108	4162.668292	2734.760493
48419		3302.500674	3026.087836	3804.416211	2742.249818	3092.921688	3173.243553	3088.024664	2535.498077	2400.417656	2506.792587	3627.57492	2723.370295	2662.73961	2961.208677	3233.423827	3042.640895	2963.069326	3101.887471
42003		989.9206597	1963.856802	1166.12927	683.1163997	1037.384096	1787.742847	962.3749476	1049.055302	1001.018052	528.5508437	629.7873124	1482.443125	2422.500384	2633.309972	587.0357453	2032.965913	1673.650138	1074.541364
31408		9103.767557	5280.6605	9544.864719	6496.721593	9324.704833	10384.8705	10235.08979	11916.27877	4675.075034	8397.330285	6319.465832	6517.899223	8270.790958	8371.537313	8811.552651	9308.072165	9155.674637	1983.252527
31359		1426.813018	1336.683072	1320.754146	1265.722183	1465.799156	1497.234634	1628.800697	1714.693821	980.7613629	1556.760684	1741.811767	1094.400753	1229.770837	1451.25538	1205.013345	1241.146114	1331.335292	1519.311385
23635		5794.814886	5479.892349	6127.010697	4380.661808	6060.844468	6318.819658	6392.07064	5997.493012	3895.192504	5625.412516	7175.976577	4652.46636	5096.881542	5391.100008	5340.048441	4552.963846	5685.620057	4867.547769
17651		618.4699839	585.49768	619.5732864	394.0371941	624.994538	611.876272	762.5552335	670.1360771	489.5366527	508.1565989	407.8622595	573.9793424	763.0505798	409.8733815	121.1889313	432.5682237	627.7435521	634.5641243
17267		660.8688203	706.4598743	695.8119404	407.3793113	576.9180351	641.6719861	987.2173986	948.9846461	820.3959077	710.3995262	1025.653623	991.326998	1314.436644	697.2907651	751.1994749	581.2962812	842.3140826	820.5240036
16572		2065.560706	1753.443573	2363.398273	1899.028012	2524.550587	2149.547947	1954.992879	1986.796054	1867.835539	2134.59762	2490.358973	1511.748409	2419.325417	1764.985623	2110.062598	2172.267545	1321.355267	2254.523898
7458		765.9441976	1532.865454	811.7805971	262.3949712	808.7536158	1056.683718	1439.782048	1303.167304	1029.715028	955.1304635	1194.796501	926.6532693	1565.259095	903.7455054	599.0686888	1206.582551	1316.365255	832.9852326
6646		1107.900031	1164.896426	656.0819376	1189.227378	1138.878936	1121.59581	1273.445638	1439.218421	1268.575154	1236.401089	1705.823921	1254.064021	877.3494183	997.8645782	1063.196511	1057.854494	1434.129546	1196.277987
5346		3122.766476	3480.458431	4078.231095	3202.108124	4117.485384	3818.107937	3903.505119	3584.553379	3354.1701	3075.28216	4638.833404	2855.749334	3818.427867	3849.773687	3385.554613	3991.567798	3707.579167	3998.137405
5085		1263.669669	3318.836676	2420.308817	3584.582149	3434.799042	3568.036765	3275.963206	2423.059138	1476.206217	6232.141298	3213.714686	3641.939349	2033.037675	1489.712636	1967.386268	3520.246489	3025.943481	691.1189329
4929		4850.979918	11619.48608	5009.201701	5258.573118	4696.540152	13640.05227	19549.92879	13641.09209	9355.214239	6391.046456	7770.975638	13236.89332	18865.6583	11938.95378	6873.389246	8184.232688	6832.324893	15872.73011
4871		1260.904527	1090.692727	1661.143629	1857.222712	688.0281751	456.5129056	727.9918235	682.5043604	845.716769	1094.491136	1014.857269	319.3265356	1007.523096	1287.306028	948.8835473	1408.727024	1028.940544	566.5066426
4550		5058.365531	6835.888712	5313.082533	3002.86584	4744.616655	6489.080881	6713.942396	5841.202887	5122.410251	6233.840819	4827.1698	5062.740326	6917.196379	5408.30457	4298.33933	5598.249772	5672.646025	6193.230826
4548		2020.396728	958.5491533	1420.616045	1413.374947	1007.469828	1240.778666	1494.867483	1532.54274	985.8255351	1968.894381	1068.839039	969.0954038	1347.244644	1591.927973	1394.102458	1401.395359	784.4299395	1923.82205
4546		2259.120612	1115.088464	906.2735767	1455.180247	1213.664607	1575.98045	1486.226631	973.7212127	709.8281465	2367.431914	363.4772489	1349.05356	932.3821925	782.3015405	507.1026204	1052.61759	333.3328241	1276.796697
2936		9249.398343	8885.130592	9883.106635	7862.954392	10215.72269	9200.490866	9749.041838	9252.600299	7613.138979	8446.616377	9663.93636	9029.058845	10011.7316	9529.303112	7720.852269	9475.653075	9192.600728	5600.843169
2900		4081.348865	1478.991536	3413.558887	1777.170009	3621.76322	2200.626314	1457.063753	3359.675501	2110.071779	2283.305654	3442.837308	6038.909419	5221.763607	3803.220167	6658.515254	2027.72901	1367.26338	3323.313926
2476		3606.66624	5169.863196	2500.842607	1883.906946	3489.285745	7119.047409	5504.223045	9440.373328	6242.436351	3280.924128	8491.932161	6083.372608	5628.159477	4954.913768	3370.943182	5298.698895	6415.159861	6054.240195
2439		2148.514951	2555.453416	2046.632035	1271.948505	1679.472502	2890.184269	2969.212942	2894.178293	2293.226009	2158.390905	2754.269846	2285.812099	2961.186577	1960.308	1740.479333	1663.240531	2306.383702	2191.259196
2061		4129.277985	3648.179121	4854.576825	3469.839942	4311.928129	4267.171915	4915.564968	4053.423755	3384.555133	3304.717413	5057.492018	3513.602418	4195.190705	3710.113127	3612.461548	3642.790029	3741.511251	4527.260361
1941		5693.426364	4292.633165	6264.455031	4860.978026	6560.840099	5812.292518	6144.726237	6206.629439	4588.984105	5479.253762	6210.302698	5953.014623	5575.243348	5537.844799	5354.659873	5381.441969	5827.336408	4738.142698
1925		3140.279039	2691.662946	2622.180183	1653.533056	2516.003653	3412.673399	2636.54012	2198.18126	3044.411563	2560.327479	3830.306454	2277.727883	2802.43819	1889.465687	982.40389	1147.929233	1667.662123	3245.670883
1878		2543.930187	2260.671598	1787.850125	1833.206901	2282.031339	1977.158458	2417.278488	2134.091064	2026.512937	2007.13359	2587.526158	1893.727619	2228.827352	2306.4233	2411.745683	2468.676279	2567.860349	2755.848727
1875		928.1658327	2205.78119	1122.104132	2184.54932	2822.624905	2268.730803	2772.633547	1465.079377	2074.622573	2269.709491	3210.115901	1973.559253	2092.303739	2261.893846	1934.725421	2324.137744	2094.807179	2430.898216
1872		3200.190438	3729.498243	3764.686208	3104.265931	3285.2277	3183.88488	3733.928388	3499.099785	3254.574712	3317.463816	4051.031913	3135.665316	3588.771867	3464.189099	3570.346246	3437.503414	3373.24834	3543.781824
1801		1973.389323	1352.946896	2748.886678	1181.222108	1965.794786	1149.263259	1263.724679	2156.578852	1527.691968	1006.116075	2372.798674	2304.001586	764.1089023	2383.337811	2542.38907	1155.260898	1853.290582	2331.208384
1725		1534.653537	1529.815987	1284.245495	1329.764346	165.5968434	1763.267796	2411.877955	1388.620898	1629.819442	1734.360566	2460.369101	2356.54899	1267.87045	1995.729156	1631.323345	1675.809099	1680.636155	1082.209813
1064		2696.934684	786.7625075	3243.901037	2525.218045	3207.236928	2664.588148	3270.562673	1370.630668	1628.131385	3619.128687	2974.995304	3904.676371	2998.227867	3141.350559	3233.423827	1804.636924	3561.870807	1521.228497
1029		10527.81543	9430.9852	12202.47977	6540.305842	10623.83878	9809.17474	6195.491245	9031.095589	8178.638215	10020.37226	2533.544388	7315.205034	10197.99638	6669.297739	4451.329612	9646.376126	9633.717819	10422.38025
490		1813.011115	2055.340814	1495.780915	775.6217455	1749.984706	2398.554986	2474.524136	3315.824314	2102.475521	1987.589105	2718.282	2360.591098	2735.763868	2159.678509	1914.957014	1952.3176	2746.502791	2068.564018
443		15368.6565	12121.63166	6574.778566	11325.67854	12889.84462	11798.03866	9913.218035	12090.55912	11534.49637	14534.29844	17178.19869	8915.87982	16572.27327	12022.95252	11879.09376	7107.525341	11059.86334	7664.614407
307		2021.318442	25810.68939	17417.84797	6015.5159	13755.22167	27396.095	26335.15822	35251.85619	29089.44955	9818.129337	30593.26825	32332.82225	36838.09234	29148.57564	19595.64855	17929.0626	33578.79102	20763.28323
168		1930.990486	830.4715357	601.3189608	371.8003321	879.2658201	198.992805	297.0293048	939.989531	317.3547956	347.5519213	187.1368014	64.67372872	153.456774	775.2173092	329.1869553	427.3313203	403.1929969	276.0641507
137		53080.57809	54482.7954	59139.7198	47151.04212	57666.1627	61969.7647	58322.51408	55885.52591	43360.287	55913.37132	63353.00485	59698.90424	55898.482	50247.44047	54259.12088	53895.06801	54713.48928	54465.1564
134		6882.437212	1742.262194	792.4524877	383.3635004	1662.378634	278.8027535	852.2040782	3866.775116	1302.336302	1814.238025	647.7812356	101.0527011	174.6232256	2109.076857	879.264374	355.0620529	1204.588978	1229.827449
128		2849.93918	7068.6647	11865.31164	8707.955147	13083.21899	8133.165821	12353.17876	8589.210559	5784.972789	4922.660832	10333.3103	11829.22919	13215.27405	11710.23431	8674.892792	10118.74482	8751.483638	5318.069126
110		2012.101304	1935.395109	2222.732587	2031.55971	2050.195758	2118.6881	2105.127691	2120.598392	2137.080698	2081.912487	2730.277949	1102.484969	2011.871223	1280.221797	2239.846489	1849.674293	1898.200693	2451.98645
62		9779.383798	9119.939558	11313.38673	9129.56605	9755.256626	9322.86612	9686.395657	8924.278597	8138.124837	9975.334974	11180.22429	6851.373136	8317.357152	8867.433503	9012.674707	8594.805917	8074.837965	9935.433758
54		6714.685294	9496.040498	9251.721726	6695.963876	8257.406468	4985.461451	7283.158554	10591.74806	8931.511826	8976.01698	5044.296474	6414.825467	9721.751214	9115.381598	10198.77914	10047.52293	8609.767287	5179.078494
'
input = gsub("\r","",input)
cfile = strsplit(input,"\n")[[1]]
cfile[1]
cfile[2]
cfile[3]
input = gsub("\r","",input)
cfile = strsplit(input,"\n")[[1]]
ts = sapply(regmatches(cfile, gregexpr("\t", cfile)),length)
t.mode = unique(ts)[which.max(tabulate(match(ts, unique(ts))))]
ts.first.row = ts[1]
cfile[[1]] = paste0(paste0(rep('\t',t.mode-ts.first.row),collapse = ''),cfile[[1]],collapse = '')
cfile
cfile[[1]]
cfile[[2]]
df1 = as.data.frame(do.call(rbind,lapply(cfile,function(x){strsplit(x,"\t")[[1]]})),stringsAsFactors = F)
col_start = t.mode-ts.first.row + 1
row_start = which(diff(df1[,1]=='')==-1) + 1
if(length(row_start)==0 & col_start ==1){
row_start = 1
}else if(length(row_start)==0){
stop("There is an error in the input format. Please click the '!' icon (next to 'Example Data File') for more information.")
}
p = t(df1[1:(row_start-1),col_start:ncol(df1)])
colnames(p) = p[1,]
p = cbind(data.frame("sample index" = c(1,as.character(df1[row_start,(col_start+1):ncol(df1)])),check.names = FALSE,
stringsAsFactors = F),
p,stringsAsFactors=F)[-1,]
rownames(p) = df1[row_start,(col_start+1):ncol(df1)]
p = data.frame(p,stringsAsFactors = F,check.names = F)
# write.csv(p,"p.csv")
f = df1[row_start:nrow(df1),1:col_start]
if(class(f) == "character"){ #in case there is only one column of feature index.
name.temp = f[1]
f = data.frame(f[-1])
colnames(f) = name.temp
}else{
colnames(f) = f[1,]
f = f[-1,]
}
rownames(f) = 1:nrow(f)
# write.csv(f,"f.csv")
e = df1[(row_start+1):nrow(df1),(col_start+1):ncol(df1)]
e = apply(e,2,as.numeric)
colnames(e) = rownames(p)
rownames(e) = rownames(f)
multicore = T
if(multicore){
cl = makeCluster(min(detectCores(),20))
}else{
cl = makeCluster(1)
}
ID = colnames(p)[2]
group=colnames(p)[3]
group
p
{
input = gsub("\r","",input)
cfile = strsplit(input,"\n")[[1]]
ts = sapply(regmatches(cfile, gregexpr("\t", cfile)),length)
t.mode = unique(ts)[which.max(tabulate(match(ts, unique(ts))))]
ts.first.row = ts[1]
cfile[[1]] = paste0(paste0(rep('\t',t.mode-ts.first.row),collapse = ''),cfile[[1]],collapse = '')
df1 = as.data.frame(do.call(rbind,lapply(cfile,function(x){strsplit(x,"\t")[[1]]})),stringsAsFactors = F)
col_start = t.mode-ts.first.row + 1
row_start = which(diff(df1[,1]=='')==-1) + 1
if(length(row_start)==0 & col_start ==1){
row_start = 1
}else if(length(row_start)==0){
stop("There is an error in the input format. Please click the '!' icon (next to 'Example Data File') for more information.")
}
p = t(df1[1:(row_start-1),col_start:ncol(df1)])
colnames(p) = p[1,]
p = cbind(data.frame("sample index" = c(1,as.character(df1[row_start,(col_start+1):ncol(df1)])),check.names = FALSE,
stringsAsFactors = F),
p,stringsAsFactors=F)[-1,]
rownames(p) = df1[row_start,(col_start+1):ncol(df1)]
p = data.frame(p,stringsAsFactors = F,check.names = F)
# write.csv(p,"p.csv")
f = df1[row_start:nrow(df1),1:col_start]
if(class(f) == "character"){ #in case there is only one column of feature index.
name.temp = f[1]
f = data.frame(f[-1])
colnames(f) = name.temp
}else{
colnames(f) = f[1,]
f = f[-1,]
}
rownames(f) = 1:nrow(f)
# write.csv(f,"f.csv")
e = df1[(row_start+1):nrow(df1),(col_start+1):ncol(df1)]
e = apply(e,2,as.numeric)
colnames(e) = rownames(p)
rownames(e) = rownames(f)
}
p
p = t(df1[1:(row_start-1),col_start:ncol(df1)])
colnames(p) = p[1,]
p = cbind(data.frame("sample index" = c(1,as.character(df1[row_start,(col_start+1):ncol(df1)])),check.names = FALSE,
stringsAsFactors = F),
p,stringsAsFactors=F)[-1,]
p
cbind(data.frame("sample index" = c(1,as.character(df1[row_start,(col_start+1):ncol(df1)])),check.names = FALSE,
stringsAsFactors = F),
p,stringsAsFactors=F)
p = t(df1[1:(row_start-1),col_start:ncol(df1)])
p
col_start
t.mode
ts.first.row
t.mode
ts.first.row
t.mode
ts.first.row
t.mode
ts.first.row
ts.first.row
cfile[[1]]
cfile[[2]]
cfile[[3]]
View(df1)
row_start = which(diff(df1[1,]=='')==-1) + 1
row_start
which(diff(df1[1,]=='')==-1)
df1[1,]
df1[1,1]
diff(df1[1,]=='')
df1[1,]==''
class(df1[1,]=='')
class(as.character(df1[1,])=='')
as.character(df1[1,])==''
which(diff(as.character(df1[1,])=='')==-1) + 1
