1.33	3920	2324	3965	5567	3621	2325	4023	5590	4943	2354	2846	5881	4954	2893	5259	6347	4281	2559	2645	3430	3685	5975	4284	6822	9125	9452	3262	4427	3446	4150	5097	3920	4859	1253	4874	5564
1.36	6866	7613	4865	4198	2786	4828	2818	1968	6775	3156	6058	5351	2006	2329	2201	3419	3262	6831	7846	9937	2470	6577	6355	4894	6285	11925	22400	7590	6632	4146	3648	3375	3900	2485	4336	7641
1.40		3382	11880	2901	12684		12091	16377	14999	10781	12441	3037	16158	3712	18227	20753	22110	1067	12253	1006	14599	16257	1466	10236	1486	10048	6902	9251	3031	11002	566	4244	2320	14559	6150
1.45	5182	6366	5294	5420	9207	7933	1390	8632	8787	10499	13190	8517	6028	9945	4653	7368	5985	9226	10426	4216	4238	7481	5282	5160	9545	13772	14193	4943	2699	7050	1810	6083	9363	7944	4377	14742
1.56	5208	4845	3515	772	5555	658	5178	5286	5053	7011	13002	1079	1131	7545	4166	4188	4523	10067	2273	2012	5214	9366	1908	11029	4541	9561	11264	1072	7749	7964	586	2272	1962	2146	1196	2075
1.56	39867	32016	23966	25538	40515	5486	6774		26917	14637	96200	11785	40348		24139	3893	2320	72879	68548	54695	34001	7799	88566	81816		70644	89317	9058	57749	53445	93075	43907	54404	39693	16132	74275
1.57	5398	3990	4113	5226	480	5196	5338	5886	1083	8129	10688	7831	5788	6180	5147	4325	4065	8751	8302	7993	4460	8195	9023	1092	11061	9623	9757	8496	8108	7064	10291	6079	7837	5595	8649	9643
1.57	3719	2991	528	3523	3624	785	3156	3400	3401	5274	7675	4210	3716	4332	3579	3157	2461	6205	5292	4688	3381	4983	6900	6755	6574	6087	6719	5670	4576	5042	7144	3801	4684	3942	6261	6046
1.64					2537									3221					2641	3227			2215			3845	3999	3579	3452		2989		3041	3270	2946
1.66	5475	7058	5778	2156	6088	9185	12608	7340	11450	6361	8888	11735	10872	3820	6695	21452	9537	12637	11547	10544	6720	5944	3416	12884	6152	14297	5307	11172	13313	8113	6916	7051	11936	8281	4660	1554
1.76	28901	19103		27265	5412	3532	25468	22568	25640	27435	42494	32672	5429	29141			19177	29380	24303	23888	14396	5745	34961	43043	28175	35451	41156	38201	7848	29982	44742	1664	33552	26542	42827	46842
1.88	10765	11108	2968	5116	14396	10713	2607	13799	2793	4742	4533	12253	15502	5894	15901	8623	2094	3527	16340	704	7346	16954	4960	4761	2696	10114	22071	4304	5622	13216	18414	16564	13213	3346	26126	29204
1.89	5880	8807	6813	8730	5809	7024	5311	7483	7973	696	9186	908	7277	5402	11180	9334	1085	856	1510	6898	5004	7488	5343	1147	10729	11890	8596	1266	14012	7384	9334	7322	9098	458	7538	12741
1.89	3481	2580	2545	2576	4120	1588	3332	3792	3708	6626	7133	4779	3939	5248	4700	3010	1825	4821	4639	3065	1302	4218	5247	6895	4695	7928	6667	5158	5464	2785	6318	4940	5137	3644	6706	9209
1.89		4963					7326			14156		12714		9975				6589	7117				11737	13327		16313	8749	9809	10151		13659			8371	13926	15416
1.89	3401	2923	2364	1779	3860	2732	3604	2509	2964	3453	5708	2775	2805	6126	2990	2263	2268	4097	4083	2443	2192	3517	4919	3979	2986	4556	4736	4348	3975	2907	5165	3879	3353	3721	7073	4832
1.89	4263	3437	3690	3561	4028	3812	768	4186	4881	5196	5069	5144	4488	3443	5138	3780	2810	4564	4743	3712	2434	4794	573	5383	5515	6573	5269	4772	5199	4724	5783	4779	5489	4610	139	5998
2.06	4037	1790	1680	2586	3263	2527	2537	4259	3047	4842	7122	3193	2016	5048	4534	3092	3241	4192	2673	1879	2178	1887	2454	5301	2646	1744	3037	4119	2211	2117	3434	2046	1599	2020	3448	2055
2.12		3139									2738			2154														3203
2.16		10235		11192	9220	8135	6676	8781	9972	7833	9727	14686	16187	8645	9551	14752	14345	10857	9642	13311	14798	16148			16584	8176	7559	9112	12978	13640		14593		16130	6209	10404
2.20	1804	4303	6396	6716		4067	1295	4677	5292	4772	6049	986	536	1268	4624	6951	5749	4983	235	49	6289	817	7603	632	764	6372	375	6533	952	450	5075	978	6750	2531	5580	10359
2.28	7878	6959	5519	8102	8787	10978	9922	10463	7827	16203	13984	13142	11749	13971	9953	11437	8765	9243	7564	5816	5835	6004	8299	8036	10978	6467	5149	4656	4567	6808	6167	4420	5212	4345	4659	5158
2.30	2403	2372	2501	2147	2996	2778	2710	2453	2820	3637	3613	3367	2497	3384	4069	3312	3489	2758	2649	3449	2585	3235	3295	3514	2986	3637	3691	3345	3791	3514	3536	3477	3524	2716	3944	3925
2.32	93393	95534	1621	1855	100959	2004	102584		1880	118003	122767	113086	1753	106299	130741	129992		95370	1302	113835		110328	105419	122731		1929	126517	112116	127884	2965	127041	2063	128321	1577	129703	124811
2.45	1585		170	602	172	1521	325		687	343	996		696	98902	1345	2023	756	833			300	1616				321	1109	998	780	1552		1770	178	380	267	167
2.50	17005	15827	15316		2603	21132	22911	20833	16689	8018	1524	26945	3584	7731		4343		887	18291				22308	20849	5881	23104	21794	3191	14964		18963	14220	14800	13542	3451	18615
2.51	4432	3513	3855	4295	4305	5168	4373	4738	4694	5347	4660	6029	4598	3242	5624	7414	3978	4109	3882	2893	2351	3093	4156	5045	6423	5723	4692	3378	4080	4125	4633	3291	4058	2865	4096	4755
2.51	5632	5060	5839	7174	6176	7932	6660	8905	7301	10631	7585	10977	8064	5688	10615	13173	5349	6103	5691	4369	2945	4876	6740	7709	10491	9978	7456	5736	7406	4677	6695	4346	6362	3614	5872	8293
2.51	4399	3872	3469	4434	5156	5220	5939	5818	5514	9772	6392	9051	6383	7802	8582	10752	3295	5064	4603	2721	1888	2786	5572	6071	7144	7146	6729	4176	4245	2941	5098	3129	4045	2557	4799	5609
2.51	3258	3254	2567	2470	4768	3927	5030	3635	3122	5124	4151	4019	3479	8287	3780	5744	3476	4072	4172	2393	2313	2322	5154	3360	3526	3851	3468	3298	2589	3193	3967	2657	2378	3362	4297	2865
2.62	8522	8755	7071			9104	10929	9002	8707	11169	9540		7818	12913	10214	3242	9163	834	7466	5658	5297	7001	8921	8963	8348		8640	6879	1526	6203	494		5747		8116	6667
2.67	3961	2369	1793	3178	3781	3707	4307	4302	3596	6551	5954	4521	2899	8213	5220	6882	4535	3447	2224	1589	2320	1406	2626	3370	2766	1908	2771	2536	1741	2392	2575	1987	1882	1840	2534	1588
2.68	14336		18888		11136			15848				3300	9922		9215	9824	8546	8626	7875	12933	6539	9520		6236	2403	7648	9994	5391	16090		7130	8298	5547		4091	7273
2.69	47581	42313	55946	52637	37367	39170	30409	55962	32091	31068	35536	31416	30798	16832	32992	32719	23213	25815	25208	38216	38554	34909	27389	19449	37343	23023	32758	22208	51874	27831	29405	24529	23515	16964	15163	27749
2.74	2803	2923	1786	2890	3533	5299	3217	4537	4293	8449	9901	6181	4910	8514	6145	3938	3935	11804	9854	4826	5888	7405	16805	12623	12864	10525	6981	6704	5073	7554	10278	5165	7690	4606	8596	6127
2.94							3334	4642					4135		5175												3364	2981						4841
2.99	10510	1768	13443	13758	10320	14057	1854	2337	2014	1918	1087	1984	12636	7601	1210	903	2822	10886	1884	2461	3661	1461	1768	1834	14797	1145	1916	1400	1374	853	2041	1826	12106	3126	2378	1653
3.14	3442	2847	1892	2972	2294	4632	2508	3191	3258	5036	4001	3594	2909	4778	3981	2567	3530	3554	2910	2503	3135	2809	4988	4479	4376	3180	4401	3625	2584	3847	3583	2991	4049	3322	3660	3299
3.16	1273	106490			111387	1423		1348	1832		918	1578	2297	83969	156079	1956	1350	1095	1392	143757		129936	93469	134763	1086			101272	166274		1403	1486	152406		108670	132106
3.24	15403	157	1726	22373	15628	1111	15198	455	1322	1065	1995	1448	412	205	2018	1681	1419	657	937	1300	19526	16790	14396	367	1409	354	1101	16133	272	1608	546	1155	1379	2382	800	607
3.25	7068	10136	7073	5043	35133	4316	8937	6431	5657	3799	3035	5191	4595	9882	6325	6338	5666	5079	4840	4978	8868	5829	12915	5706	6732	6295	8360	18166	5634	4934	5137	5457	4991	7345	9545	4623
3.38	1984	666	2725	54079	31558	52835	35611	1175	46228	43817	38073	2076	1043	1223	6056	2934	54183	34938	36686	1422	45626	42108	33156	1685	58842	50519	1428	1586	3579	52930	2488	2145	1149	1084	2130	2316
3.48	2862	497	754	40853	909	2776	1784	1949	2770	601	1841	40281	1713	750	4908	2316	2942	1441	355	1955	1113	540	1366	116	2918	43416	669	26331	2029	1622	3022	804	636	35263	26003	41488
3.66									4772	3462		5022					5485					3193								6482		3942	4246
3.89	2304	2422	2892	3498	3130	4176	2827	3532	3921	4613	3115	4020	5358	5094	8839	6452	7853	2831	4040	4346	4469	3838	6190	4965	5288	6405	4260	4702	4838	3777	2915	4767	7378	5325	6004	5149
3.95	390	16472	2576	20308	1518	356	16596	1301	2704	1372	4083	1807	688	1062	452	361	1592	2160	632	1690	2020	1077	675	1068	726	13194	2017	1576	1573	1119	1170	1133	2742	510	1852	510
3.96	100868	109797	108526	138313	103872	86557	116383	112185	97217	147409	148239	149302	136224	95463	133606	176677	146744	103904	123898	140516	121168	84741	72280	97985	95755	88671	105844	116415	129654	94815	64924	83800	83331	62618	67904	67361
3.96								14174					10890	4943					8417			11281								12777
3.98	1711	1759	2584	2087	2318	1939	2667	2949	2128	5594	10284	6887	9209	12575	16900	9949	15042	9831	9429	10693	12415	6801	4106	6494	13436	5625	3234	2077	2891	4158	1129	2289	2867	2017	1450	1913
4.00	7344	5351	1824	15125	6426	10184	9841	3933	3270	5143	4929	8720	4588	8614	3495	6065	5556	4257	7004	10618	7815	2427	3845	7312	10611	1998	9687	8213	10570	8556	4967	3794	4852	3672	4531	2890
4.01	43256	46784	50625	89074	63231	63485	62349	64117	68799	57762	76838	54271	68928	51776	55124	85981	78842	51045	74055	72447	62271	33457	41881	41483	59326	34603	57436	69686	65322	51140	28312	24904	27496	21332	26775	26484
4.01	15312	17894	17264	17612	19742	17610	21615	24994	23590	30915	25562	33994	37141	27727	63682	30494	54431	10844	25423	23069	20122	22794	28251	30305	21858	31213	18410	13009	16900	23383	17375	42488	44148	22303	39330	27070
4.07	13113	16813	14897	20359	19930	18664	17889	26168	30283	17240	17642	15723	24723	19510	29441	21792	35695	6470	22339	14652	15406	10010	13431	12041	14290	11962	13051	9378	10363	15497	8858	13360	15725	6854	19145	13067
4.18	5915	6360	6750	9014	6260	6434	5000	5983	7312	3953	4129	5083	4988	3377	4527	6351	7391	6804	8676	8628	9992	5927	4682	4932	7570	4552	6319	7246	8154	7265	5869	2921	2597	3773	2919	3508
4.19	3602	5040	4327	6908	5655	6319	6448	7009	8340	4363	3265	710	6537	5043	5769	8771	7869	2266	4148	3685	3759	2005	3213	2591	4033	2366	2201	1977	2101	2136	1639	1523	1924	2225	1946	2088
4.19	9044	9138	9889	13361	13753	14812	17278	19209	18094	10106	16097	9915	17433	9871	20864	16044	19840	11223	14660	13105	13443	9632	10203	14515	11483	15695	11071	12579	18410	10768	8839	12429	9333	9806	9095	10543
4.19			5188			5296																		2163			3504		3928				3571		3633
4.28	3870	5110	537	1555	9244	923	7746	10190	572	1020	820	1354	6930	1208	9688	11998	11256	480	578	5505	2456	629	491	4695	6301	945	4837	892	844	7105	4095	3227	971	589	284	3499
4.31	13313	15810	12919	16471	18731	24503	19668	22538	25223	15508	5641	18185	21586	19693	36723	18760	34818	12154	14972	16664	16944	20412	23818	19188	18696	20893	8106	6083	11594	14436	9901	23194	20140	15159	17679	14071
4.31	226	1667	7237	9625	1370	661	1309	2038	655	319	359	9770	1377	1649	20464	10058	2729	1137	1120	9045	1434	1408	1880	754	571	1255	4318	3431	6532	7664	220	12921	11347	1068	10019	763
4.36	4480	4178	5082	5822	4104	6001	4510	5403	5020	4951	4708	5429	5487	3637	7528	6383	6842	5195	5827	6604	6981	6445	5075	5839	6579	6279	5650	5645	5983	6532	6339	7382	6969	6964	5903	6652
4.36	872	2167	1832	1794	3310	15496	2957	793	2248	3064	1456	1597	1342	2166	4868	5144	24616	2460	1659	2829	5866	3589	6964	2578	2144	3702	4778	6723	19975	3483	4063	4309	3665	2911	6683	1960
4.37	36048	37449	16481	47405	41319		700	48130	44748	46833	28168		59327	6353	87587	60575	74473	30970	61613	25843	69598	28969	12925	66223	17243	65203	30773	61490	60230	62090	57181		79819	55844	5687	67144
4.37	2937	3876	5064	823	6153	1120	5363	6695	6142	6284	7733	7165	5089	1245	7902	8790	7916		4796	5505	1200	4130	4148	4824	5044	5216	3510	4772	3578	455	3034	2419	4687	138	3019	4109
4.38	14526	12732	15282	17970	11956	17779	12218		2252	12551	498	2612	16300	7931	20637	4122	20357	14102	14509	17638	17303	1475	11979	1605		15350	13707	13262	16114	21064	14033	2792	15335	2093	11520	16047
4.39	4065	3674	4397	5210	3185	5131	2948	4615	1081	4322	3655	4858	4333	2437	5463	6417	6106	3674	3942	4747	4884	4142	3624	3991	4965	1330	3787	3900	4291	5714	4332	4589	4831	4512	3301	1132
4.39	36226	33887	42708	47239	32353	52807	35157	46674	44732	38825	34996	43389	42119	23363	57351	60061	56064	35582	36997	45886	46310	41440	31163	40366	52152	44500	37396	35353	39243	56572	41643	43251	43492	42651	31439	41045
4.39	3094	11348	14926	1923	10540	18254	11452	1274	2168	2218	11543	14775	1889	7549	19797	19647	20038	11429	12396	15884	15471	13790	10474	12916	18061	1625	11609	11264	13563	18281	13035	14055	14429	14907	11270	14944
4.40	5614	1552	5947	7726	5817	781	5483	684	6659	5360	665	5375	6620	3897	7712	6947	8010	1754	1620	6697	8529	6413	5353	6211	7648	5302	6548	6609	6887	8560	5972	5291	5007	5653	4028	1241
4.41	22011	21155	25150	28909	20933	30379	2142	24544	26087	22281	20352	2138	23997	16060	30405	29329	31057	23388	24924	27087	30800	23934	20403	1225	29141	1085	965	23980	25260	32293	24546	559	23864	23529	2195	22457
4.42	3185	1598	3958	3303	3053	3880	2859	3196	3450	3265	3138	4472	4238	2686	4147	4138	4525	3725	3661	4119	1807	339	3319	3357	4803	710	3232	3556	535	5631	3963	4111	3545	2003	3423	3792
4.42	1235	6213	3932	3736	5537	3793	4576	107923	113779	6630	573	114763	2435	1010	2625	138771	770	2691	3084	3395	4476	1275	89776	100775	4679	112774	5198	3234	1885	139303	686	116496	3687	6912	4799	2909
4.43	532030	567003	664833	714336	513026	730736	503234	628566	648872	597793	515808	649230	627127	410974	814050	791827	790482	585674	583151	683767	752159	624351	515111	573875	761569	642414	589664	584700	636439	804563	608828	673573	637636	640334	497828	613811
4.44	5432	5552	6374	6466	5287	7735	5128	5913	6245	5244	4514	5902	5676	3597	7659	7929	8022	4983	5708	6395	7554	5666	4440	5311	7308	5639	5264	5226	4952	8084	5597	6067	5637	7110	4827	5280
4.47	4190	5452	5299	6587	5539	7203	5729	7565	7563	6442	2848	7132	6696	5356	11621	7321	9539	4982	6681	7149	7006	6164	8423	6573	8121	8205	3730	3321	5107	5146	3649	6785	7562	5553	5415	5342
4.48	5451	5025	5915	7094	6170	6172	7495	7648	7373	7283	1966	5589	5395	3158	6796	7889	5457	1918	2326	1029	1537	1003	617	895	1355	621	1132	1073	1291	278	838	2145	1039	286	631	846
4.48	1071	5262	1159	1350	4635	3112	4876	1112	6249	754	5100	440	1171	3242	1010	1020	1264	742	5112	1411	1991	5520	4523	5431	867	973	676	5036	5939	1771	6006	968	5995	5592	4338	1243
4.48	1070	3504	3933	4543	69	5747	3977	4490	4853	4359	4591	5180	5230	264	6978	727	6601	1199	5562	6457	1015	5583	4583		493	5370	5423	1565	6020	968	6093	527	6568	859	518	225
4.49	7179	7351	7861	10354	7244	11843	7236	1612	1964	7999	8318	9690	9479	6166	13036	11698	1500	10087	11075	11881	12655	10842	9095	10189	11556	11213	10242	10594	11155	12698	11045	13280	1553	11312	1174	1850
4.49	1056	5587	7066	7229	1180	7505	5606	7592	1473	584	5395	984	992	3730	1398	8915	9212	5546	5885	1404	1158	1039	5157	6118	7737	6838	5834	1092	6297	9089	797	7073	6801	6806	749	6307
4.49	4103	1679	848	5406	1055	438	853	7729	8565	2690	670	3088	2214	3890	4097	7497	4096	578	1623	5665	2742	1355	2056	1559	633	3084	884	3410	5043	2040	5925	11754	3648	2043	6088	9193
4.49	38282	6758	2748	3912	33780	6907	36454	46360	44929	41458	37396	45607	45373	24706	56989	1179	5524	37830	40422	49174	51305	43871	32749	41642	53175	45126	40009	37933	43709	58547	44063	4391	46010	43675	33789	5305
4.50	2981	3234	3819	3432	2152	3278	2338	2636	2696	3090	2129	3456	3653	1971	3271	3603	3803	3085	2663	3599	4086	3576	2442	2828	4267	2572	3144	3001	3358	4388	3468	3859	3347	4134	2340	2574
4.50	32070	35980	42712	35465	19014	24829	22094	23844	21096	37976	24720	41751	45343		31956	33474	37202	47122		44169	51420	38073	29949	30606	42619		40794		40104			37572	37084		21102	20647
4.50	10209		12151		4923	8137	6274	6461	5961	10062	7816		14051	8462			12143	12866	9675	13366	11887	11379	7983	498		7706	726	11642	12538	12599		11498	11146	9799	6380	7357
4.50	4229	4006	4857	4950	3704	6017	3763	5242	4593	4438	4106	4805	4793	2715	5952	6033	1252	3763	849	5642	4999	4285	928	4410	5646	5211	4203	3889	4553	6442	5136	5092	4692	4572	3845	4444
4.50	24786	34303	35803	30995	31693	24836	29158	47530	50506	39209	29261	54011	71776	60637	149743	55858	119125	22194	42009	35459	49411	57443	94012	89735	64017	101137	23148	22350	33050	41612	39317	77364	88811	49808	95264	59738
4.51	14613	1504	17219	2270	12992	4659	1474	18631	3719	2577	1678	1448	18393	9142	20850	23062	22896	1519	15140	2766	3049	16899	12634	15927	2876	18183	15059	14099	15974	2614	16773	17823	18036	17036	2084	15885
4.52	5098	4083	5431	7793	5208	4417	4595	4637	6381	4695		5887		887	4595		5729				7259		2040		7190		4339	4340	5312	4805				4274	1235	3415
4.54	663	1252	1488	12320	9373	1246	8664	690	1080	148	848	7104	898	5394	7201	9247	10241	1340	1153	1297	1760	5774	1562	90	676	4625	1140	1116	6619	8563	6121	210	3391	831	3026	3379
4.54	13421	2521	16904	2534	12631	15970	15028	12482	14131	1878	17560	16765	16282	2935	16974	21553	16056	20167	3522	2018	4285	2560	11900	14867	22492	724	14207	1965	14963	16898	1853	2091	10840	2231	7949	10513
4.55	1414	1315	3316	4118	3088	3778	1543	4387	4375	3608	2339	4967	2758	2312	4494	5266	6953	1604	2495	2662	2649	2141	3632	6397	7054	4680	2339	5354	5819	5805	3762	6239	7445	2952	4009	6930
4.60	3100	1791	8568	6181	3751	1819	1385	2597	5235	1549	1634	6645	2343	3195	142	1795	2145	10254	1206	2344	2717	9612	100	2937	2753	580	1699	2699	2969	2359	1602	2121	2259	4940	1958	149
4.60	4575	2443	14851	9686	5154	2425	1992	3327	8411	2451	2620	11064	3377	5694	1869	2485	2982	16357	1892	3623	3521	15849	1435	4391	4048	1457	2353	4260	5189	4445	2519	3171	3148	7465	2781	1115
4.62	14038	1696	254	17016	1014	975	10978	161	2451	11733	770	2039	1394	10090	1896	15487	939	19732	2206	2380	3050	17925	780	14822	3003	15171	1373	22473	3786	682	18111	1097	12425	460	14152	2507
4.62	5902	6479			6216	8378	6006	425		5156	4576	5481	6118					6544		8095	8708			5456	6498	5976		7093		8821		6244	6138		6011	5793
4.62	3102	3182	3595	4044	2912	4047	430	3597	4372	3508	3268	3575	3635	2643	4779	865	5433	4244	4898	4794	5069	4177	3479	4203	4376	4652	4114	4452	5062	5353	4231	4133	3922	3924	3806	4241
4.63	3455	809	1874	5768	3563	5518	3344	1258	6266	785	980	4122	4758	2508	5847	5418	1737	4625	5767	603	6204	1337	522	1108	1497	1566	1262	5219	6877	6000	900	984	4544	3407	3407	728
4.64	5720	7153	8865	7985	5417	5638		5654	5811	6340	7753	9347	7158	2399	5744	7837	4589	721	10379	963	9727	396	5258		1107	9555	8393	7351	11017	8256	9779	6802	1531	8776		6691
4.65	613	1960	2545	7701	1203	2240	1261	2448	2690	1275	3363	1481	2839	981	18255	2557	3338	5062	438	6356	7992	1495	11419	8817	10655	1858	702	2667	627	1500	3365	981	7654	5625	5209	5145
4.65			11621	13366						10488	9464	12799	14350		2707	16870	18855	11466	13858			13240	11849	13013	14922	12631	11392	11720	14916	14114		10660		10171
4.66	40078	46807	43882	46503	49524	51799	55675	63390	67591	47809	18099	57483	69167	65859	108936	84744	96759	30569	37853	37275	47384	45679	73523	51454	66106	55451	15845	13832	20982	28684	21403	41737	47676	33831	30732	28322
4.68	2032	12382	17630	20992	1412	24206	11947	17823	15903	15638	12650	17896	14837	6708	24377	24550	2100	1330	11779	1201	1731	454	1124	2119	19854	18364	1652	10907	13623	22391	14296	13199	16885	18010	11185	17403
4.69	1780	4231	2577	5928	1613	3813	3619	4210	4175	3324	2319	3673	4869	2477	3006	2734	2924	2859	2960	5546	5430	5213	1684	3966	2958	1650	1665	4953	5610	2106	3591	5576	1578	2399	3516	1687
4.70																											12211				9637	4420	14983	13756	10611	13139
4.70	23339	21062	23944	25525	19171	23110	18295	23377	22900	20141	21557	23006	23880	15959	23832	25514	28816	30171	30680	36147	40610	34101	31914	32649	38061	34132	32868	36785	38476	40885	37242	21313	17857	37296	14017	32383
4.71	8081					7903								5168	9102		9089	11132			13034	10851	10594	10925	12704	11246	11773	11562	12110	14309	11271	9363	11047		8939	8099
4.71	3054	3058	3405	4914	5346	4135	4617	6053	4893	2821	6033	2554	4224	3406	5452	4166	5367	3245	3378	3525	4036	3391	3107	3797	3015	3962	3437	3286	4437	2461	2357	3640	2877	2811	3007	3283
4.72	7971	9120	10167	11400	8124	6377	7961	8143	8564	8515	8499	11453	11292	5891	9786	10965	9357	11576	15049	14185	12366	8266	10618	8829	10564	10478	8082	8456	7600	7229	5156	3865	3303			3596
4.73	531	2923	3709	239	3004	2818	2250	3002	3241	5259	6867	5179	5197	2667	7061	5271	6156	5009	6761	7258	6002	8686	9995	13028	7469	13943	11873	9757	10607	11471	9495	11984	21460	9908	13687	11157
4.73	3992	4759	3448	7759	5799	2245	5080	3900	8692	2445	5043	5793	3177	3724	4472	2404	5450	14152	10518	8565	12004	11116	9706	7853	4952	7313	10529	19714	36181	13020	7714	6746	8275	4861	11116	12985
4.75	22206	3499	1651	497	3382	1740	22066	734	928	20679	1425	21641	23932	20671	32473	28345	1822	986	24864	25079	31431	1884		21556	1137	20557	922	22918	1520	976	1224	27900	25048	22172	19266	1782
4.75	68003	4763	3264	74934	75939		11876	76524	74567	64948	57573	67425	2255	64265	95128	82153	113506	2596	11498	80538	95903	4648	48864	63845	4918	62643	2809	17883	62384	87392	67555	89122	4871	80888	59304	2190
4.76	327	996	814	922	1059	8820	393	236	8598	729	861	1263	9060	434	1055	10770	12013	1330	547	1535	9057	1373	5546	450	11323	7942	1393	1161	1075	759	6353	8871	10427	1799	4815	1001
4.76	20243	1848	1460	2396	19306	902	2040	329	929	28116	218	1952	3896	15835	42249	4287	2338	1686	2033	1608	4597	2470	1708	23838	30758	3443	2585	3092	3914	26809	20777	4401	3277	1871	2179	1690
4.76	537	5445	1441	6692	5981	1669	1462	1924	6785	5352	4891	5547	6496	5610	7471	7019	9258	606	705	6512	8605	6052	1414	5479	6153	1049	501	1209	4496	1376	481	453	1079	1716	1356	5033
4.77	4301	4541	5746	5889	4530	853	4212	5220	5152	5001	1023	5018	4717	3366	6675	1074	1060	671	4596	901	907	5098	4158	917	5738	473	1180	4600	891	6574	902	5770	343	1206	842	958
4.77	902	604	966	6118	5006	7053	727	1025	1022	5311	442	522	5317	4069	7265	7705	8019	573	5549	6201	7045	810	4155	4901	6373	5913	523	553	5102	606	1172	6446	6061	6481	1019	5510
4.79	4599	4763	5217	4899	2787	2866	3338	3271	3496	4231	3403	5226	6899	5339	4548	3992	5042	6944	5314	8133	6980	6343	5612	5056	5238	3146	5973	6849	7177	5686	4460	7027	5261	4005	2845	3730
4.80	5974	5783	4867	6869	6822	7722	7117	8055	7369	6894	3078	7659	8141	13941	11141	9685	14121	5314	4751	5707	6895	5524	15023	7098	8660	5797	4390	3655	3812	3912	3246	6546	6076	4729	4485	3857
4.80	11486	11799	1711	883	8559	1567	11045	2151	1530	511	9501	10816	1316	1921	12119	1505	17511	1853	2221	1385	12868	398	1704	10965	604	10156	10616	11470	931	17523	1125	2760	2688	2277	3245	10949
4.80	23932	29393	28235	41487	29588	32015	34184	36865	33568	39339	28730	55466	39978	70754	57623	87277	59090	30885	39676	35840	46715	16882	131727	65324	69441	58295	24825	24594	20296	15746	14704	18929	12778	16240	14136	11984
4.82	9590	9695	9927	14773	14862	14928	12709	12866		8482		9089		1654	12384	12460		9648	9966	9635	3415	7884	1945	9044	11386	6496	9112	11112		10983	7638	7770	6735	6571	5530
4.82	16633	15932	17319	14711	11549	16409	3045	14065	14608	14356	16340	17961	18523	12532	17494	16955	19365	22980	20624	28104	30071	21914	22366	20996	23627	19091	19809	22560	25469	25086	21741	23271	23775	26961	16920	21893
4.83	2895	3094	4734	5070	2361	5902	2874	4331	4193	4096	2823	4578	3757	1463	5697	6301	5273	3055	2822	4244	3618	3443	2114	513	4924	5164	3035	2544	3827	5031	3527	2452	983	3781	2664	4311
4.84	2898	2807	3508	2149	2325	3991	2269	3208	3292	3139	2538	3028	2970	1635	3259	3726	4253	3119	2769	3716	4138	3515	2239	2871	3868	3788	2941	2915	3449	5236	3516	3587	3622	4406	3077	3694
4.86	4288	4237	4771	3978	3942	5176	4368	3887	4098	3579	3524	4146	4218	2921	5326	4865	5564	4597	4108	4767	5283	4869	3968	4107	5145	4473	3766	4490	4019	6520	5021	5330	4522	5902	4599	4031
4.87	8745	8794	10523	10162	7637	9102	7092	9111	8899	334	9405	11293	10381	6520	2467	1645	3080	1304	9297	10099	10185	11922	2012	9804		829	9171	1460	9746	13771	9334	13286	12556	13597	8963	10633
4.88	12546	194621	220810	11191	206032	8118	30410	198665	190566	25627	207661	19209	17090	164147	247722	27257	289999	19332	204428	13144	219184	25381	22245	222038	218226	18170	7311	27469	202411	7435	214275	21661	6411	306232	23643	24614
4.88	3292	3698	4181	2846	2625	5380	2010	5418	5390	2798	4366	2664	5426	4516	3243	9791	8043	4252	4706	5144	5413	3257	3952	4651	2328	4621	3645	4180	1432	2020	3044	3114	1202	3782	3039	3294
4.91	1815	1893	1739	2377	2529	2353	2587	4224	3331	2974	3138	3955	4793	6512	12156	6810	11232	1944	2602	2302	3984	2827	5551	4386	4297	5565	1983	1906	2011	2500	2217	2914	3981	2810	3863	3222
4.92			19757	20031	13905	20351		15934			16209		19477		19829		28211		13391			15841	11941				14252			19990	12364					8752
4.92	416	1356	4181	5292	5120	5473	4754	5385	5230	5429	691	5815	5503	4418	6915	6667	638	4142	5260	5356	868	3490	1020	4547	4994	4388	3645	4476	3851	174	391	3114	1042	677	3331	3637
4.92	2423	3798	2106	4548	3452	5581	2092	3388	2648	3020	3301	3887	4997	2379	3864	4886	5381	1904	2595	3826	4948	2003	2967	3561	5285	3616	2537	2198	3882	4043	4359	4778	3122	2640	2026	1719
4.92	2833	1314	22101	24928	13468	16441	13639	1849	2954		16126	21538	2578	11591	27324	1310	2069	15332	14156	19355	2020	16102		15893	21186	13295	14142	13303	1181	17449	1788	15760	763	10874	7195	13560
4.92	60801	67338	63675	65149	59048	64703	57235	4870	59308	53103	51802	54782	63303		67066	6690	90979	62859	51465	62184	65508	56779	5288	47118	58476	43770	45400	52748	48858	65708	44017	52768	5731	56472	33512	37170
4.93	4154	3492	4747	4276	4139	4599		3584	4353	4032	3282	3331	4445	2807	4921	4669	5481	3853	3595	3601	4431	3861	2912	3394	4462	3411	3422	3944	3037	4283	2900	3733	3216	4195	1795	2763
4.93	60926	72239	64100		67511	60149	48211	68451	66943		68945	67826	80605		69666	77456	99511	68551		68143	86227		82626	68849	71020	61664	48866	59668	50914	63531		49545	50490	46956	47381
4.95	1457	1370	2406	1505	2065	3113	1881	1762	204	2202	2292	1978		2652	3527	3748	3872	3429	3146	4016	2268	4586	5417	4605	5556	5555	4060	5663	1631	6099	5989	8041	1169	3636	6633	6227
5.01	3404	728	3990	3856	3438	4752	3516	3793	4625	3473	3380	840	4795	3324	5513	4626	1269	4918	4833	4688	5279	4545	3931	3964	4445	4819	3118	4290	4355	6346	3955	5091	4501	5104	4353	4231
5.01	8723	91475	96682	5077	9467	1152	10698	95927	3004	94160	5715	2207	126202	8604	145207	115809	7925	10530	9742	9473	149502	8416	118139	11211	10130	134037	103019	116284	9619	136272	105718	148970	8682	15528	15772	4444
5.01	932	5755	8335	3396	4801	6912	5123	8775	8702	9137	6341	10530	4079	4550	15270	11484	10964	8144	8210	11362	8463	10183	6904	10472	4766	5985	8177	7392	11317	8905	7366	4464	5276	7806	6911	12299
5.01	2784	3210	3070	3040	2965	2268	2658	5603	3286	2325	2520	2149	4518	5156	8273	8045	9533	4950	2765	3070	5424	8318	4691	4527	4140	7454	3409	5148	4620	3045	6349	4617	4301	4745	4226	3658
5.02	16785	15722	27872	22216	9323	20044	17701	23320	30966	22526	22793	27397	34939	12155	40259	36690	32670	19582	21649	39294	26459	27146	22732	30878	30694	33485	25798	21136	1690	24337	19534	27397	20129	28532	20149	37078
5.02	3071	3200	3592	3944	527	4146	2951	3276	3609	750	2491	3368	3724	325	865	4438	4774	803	4274	4634	5015	4300	589	4192	4532	4563	3761	3573	3526	4995	3772	389	4072	4815	3499	870
5.03	5110	4793	4188	5045	1115	4348	1078	770	4736	938	554	936	6510	1454	5292	572	7774	641	541	7829	7376	5715	1462	1115	5485	214	218	1281	5931	6164	4495	5781	344	2723	4828	1175
5.04	3154	3624	3654	3294	3046	4175	2745	3305	3390	3928	4615	4556	5550	3948	4939	4527	5540	6983	6426	6795	7886	8210	6696	5522	4869	5385	5024	5251	5601	5109	6054	6285	5290	5223	5590	5210
5.04	23843		26718	28692			28594					30956	40210	30256		24158	37019	39053	7607	39436	42230	30573	33022		3192	24308	24829	4321			24073	8692	31088
5.04	18645	17889	25960	6942	12594	24962	12518	16518	19116	7035	29479	10680	44485	9879	18654	17190	49308	42166	30180	42143	27088	36519	12991	39033	11865	26126	29970	13706	25995	37095	19310	40975	18150	16444	15888	5469
5.07	676	1596	1105	9437	1327	1158	825	8836	10108	6624	743	7034	1445	1112	1138	11968	10147	1011	1153	285	2241	785	5312	941	1757	571	6180	1859	7570	7733	407	895	1595	1108	1472	7035
5.08						15195		16487	17512			13754		11608	927								14688	15264	15157	11628	13489	12344	13525	16782	9966			10788	8530	7930
5.08	5657	1567	1373	8594	7490	9335	7301	8701	10342	5461	676	769	1527	6377	916	1032	11817	755	333	720	2191	1245	1387	5951	9238	7516	855	1554	6925	8561	1397	1317	5806	6523	6083	5989
5.08	5839	5466	7104	6580	4299	8814	4276	6869	6617	6076	6125	6341	6456	2539	7844	9025	8814	4386	4799	7045	6077	6712	3471	6292	7366	7152	5669	4298	5709	8143	6946	6797	6716	6971	4162	1461
5.09	54377		60931	75909	57645	53425	62827	61473	65529	65100	62824	67002	77338	58190	68710	78576			65218		70604	43401		53425	61568	50263	48751	56141	49224	58636	1455	32017	34944	2531	31572	29209
5.09	3654	2897	6979	5029	23981	6331	6933	4295	5084	6240	7069	8994	8729	4664	10165	5336	6619	3640	3409	42111	10727	7330	8455	2727	4985	4088	5530	3708	9952	4770	5981	3259	6798	2913	7521	2710
5.11	3848	1830	13151	8602	4305	2496	2006	3724	7079	2112	2202	9675	3072	3747	1362	2415	2728	11797	145	3157	3146	12960	1168	4510	3563	1182	2146	3510	4348	4325	2372	2919	2920	8309	2741
5.11	3527	1501	12418	8207	4020	2254	2072	3583	6911	1752	1973	9036	2626	3029	473	2108	2533	11428	1268	2674	3413	11928	1054	3958	3479	1476	2028	2594	3971	3629	2173	2822	2643	8356	2370	1140
5.13	25915	27321	3425	3360	2897	1653	3620	30457	2616	4009	4006	32474	4541	3112	4396	34269	36543	33734	2626	4311	5340	2880	7693	3883	6318	55428	59399	8127	71462	70282	929	2651	7295	7733	11457	5103
5.14	13624	13408	15185	16374	11621	17517	12276	16459	14376	14847	12453	15497	15586	2213	19914	19542	20240	12110	14177	16479	2923	14612	11564	14158	18533	16366	13594	12740	14696	3204	15179	15711	16261	15770	12096	15843
5.14	5067	908	6485	6306	4270	4549	4170	3981	3722	954	4933	6427	1028	3352	4127	7284	5945	7426	6959	8687	10792	919	5582	4613	8586	5456	5362	4176	6034	7956	1954	5030	765	5259	2600	542
5.15	18677	21668	19347	24592	23119	22346	22989	23113	19173	18438	15215	19151	22288	20751	29315	29751	29655	11692	25713	24867	32391	16378	24143	19372	19016	16922	9714	22291	20409	26618	16967	17915	17224	21011	20220	7343
5.16	39894	38415	46904	50067	34460	59584	37051	49439	46730	44624	37254	47771	47871	24615	60098	61769	65179	37598	41218	50497	50324	44801	33652	43544	55989	49494	41095	38004	43670	62609	46680	48784	48417	48185	34589	47283
5.18	4545	4127	5085	7888	4134	5799	5080	6616	6282	5709	1042	6152	5747	3693	1541	9031	7337	3431	4000	3872	4452	3512	2480	3706	1227	3824	2488	2508	3451	3323	425	2200	3461	2328	1204	2239
5.19	907	7039	1453	8268	7477	7540	7517	1051	10703	5881	8206	738	9297	4659	1791	1113	10592	853	9391	9391	8720	7807	8555	829	9648	595	1557	1512	509	10812	7724	199	1664	7377	5624	915
5.19	22691	26409	27623	3828	27271	28453	27608	35632	40329	23410	29379	26366	34653	19697	2309	34819	36797	26278	37052	35667	32168	30858	27334	33836	31788	38468	33005	32888	40334	39965	27493	24121	2411	27158	25328	5277
5.19	10259	11007	9804	9243	7055	7537	9923	7653	9035	9469	2345	7673	11077	8164	8070	7050	6759	4679	3325	1989	3037	1886	1209	1339	1847	963	1852	1902	2538	1959	1167	3344	1208	1164	884	930
5.25	13685	16423	19186	17114	8290	12088	2253	10313	11497	14513	1554	18754	1560	662	14293	838	12278	1873	737	32667	2035	1787	15734	1390	517	1938	1447	2950	1801	2813	3624	19996	1165	3005	15062	20660
5.29					3081	3450		4496		4160			3618	3639			6210	4591	3877	5117					5029	2589	2580	2520	3841	4101
5.29	16108	16969	23980	26664	13835	28888	15664	22817	21239	22957	15799	24786	19671	9019	32450	32842	28333	14459	15460	21305	22715	18386	12468	18243	31252	24987	17713	14433	19605	29204	20412	20673	22917	22422	14130	24588
5.29	3056	2979	3974	4247	2745	5023	3078	4112	3703	3492	3448	3791	3236	1896	5012	5692	5137	2759	3542	4168	4159	3481	2646	3636	4601	4231	3350	2740	3780	4949	4130	3778	4093	3773	3703	3701
5.32	1613	8137	9856	10902	2033	3504	1425	3052	3413	9668	2065	1634	10391	8191	2189	10268	2652	12995	12427	14867	14379	14309	12362	2242	13612	12218	1938	4036	14226	13831	2567	16259	17641	11695	11196	14866
5.34	5180	2309	657	6208	4604	7194	4891	5936	6091	1287	366	5945	947	3380	7095	1296	7899	4585	819	6511	6569	457	4406	5228	7041	6079	374	4968	6126	7868	900	932	6202	5977	639	6099
5.34	511	13279	16102	2040	457	779	1213	1188	14633	12823	12688	1497	1663	8396	17753	17799	19666	12587	13453	393	15955	14074	11205	1447	18276	15322	1455	475	1168	20095	1107	14329	14865	2067	10929	14263
5.34	34243	33538	1351	41259	30606	46270	31912	39246	37865	34757	3344	39522	39348	22316	46476	48426	51897	3916	35436	42739	42748	38731	30161	37691	46985	39854	35532	32485	37478	52558	39024	40502	40573	39576	29222	38372
5.35	4625	4964	5106	1233	1207	6328	5352	5878	6293	824	4713	1502	785	3930	7775	5305	1215	552	1257	5491	1841	1378	4320	1028	5428	5976	5190	5034	7223	6525	761	1053	6535	6821	6038	6395
5.36	3602	2268	3318			3079							1903					4006	3798	5133	5401	5212	4555	3933	5161	4531	4591	5217	5504	9212	7202	8808	9518	8889	873	7345
5.37	32446	1944	38121	33272	1689	3219	25489			26286	24401	33597	32169	23197	35234	35102	36730	41539	4228	42787	2959	46083	3429	1362	48524	31687	36451	38785	43950	57164	43846	51230	42387	47892		819
5.37	835	11234	1801	11522	589	1363	9194	402	1368	8836	496	370	1025	496	11971	616	1507	13208	11273	569	19057	15136	1789	260	239	438	1026	2097	881	641	14185	394	1034	1873	10848	12327
5.37	4242	4184	4704	5633	3667	6118	3970	5242	4638	4678	3916	4999	1498	2882	6484	5790	6637	4104	4420	5539	4940	4859	3818	4671	5975	5587	4544	3919	4312	6460	4704	4632	4574	4871	3380	4834
5.37	8635	7996	1831	12401	6085	10221	6167	7997	8293	9253	713	607	11055	920	12507	11716	10314	11743	363	1332	2842	15479	8693	12413	1905	408	1173	10518	16493	15325	12417	16671	16670	12468	8635	14940
5.38	3300	430	382	3714	2935	1132	2898	2979	3102	3355	2921	3249	745	2161	4195	4261	4392	3677	3283	4240	4791	721	2990	3547	215	3802	3362	3597	4070	5191	3971	4569	3744	769	2871	4018
5.38	6595	7344	8643	8742	1088	8952	6383	6432	7194	6412	1239	7943	7223	4950	8900	9985	9602	743	671	8863	10504	8000	6339	7230	1213	7680	6977	7201	7704	10755	7883	8820	8267	9338	6012	7983
5.39					2898		3160	2391					3665
5.41	2738	3116	4050	2990	2407	3917	3247	3121	2925	2771	2880	3338	3838	1951	3765		3513	2697	3286	3824	3947	3332	2513	3082	3611	3390	2988		3305	4034	3732	3019	3444	3483	2633	3222
5.43	6272	3662	4503	16746	1375	6204	419	4135	16771	1972	14467	3019	16377	4133	3719	5878	7698	3226	923	1570	18920	14078	14766	2978	1241	3873	12227	5015	479	3816	12431	16025	1982	3935	3599	1639
5.44	2908	2692	3664	3714	3167	5313		3963	461	3579	3052	3927	3729	1935	5457	5475	5600	2671	2750	3421		2943	2748		4119	3804	786		2932	4620			3030	3796
5.47	7419	7594	8034	10054	6904	11081	8267	9468	9127	8428	1587	9417	8855	6521	12250	12367	13607	6126	6880	7807	8707	6557	6972	7663	9870	8396	6305	6180	5928	8442	6050	6804	1564	7494	5591	6108
5.48	13324	12859	10853	1586	11808	18126	14903	1634	15407	671	9060	17277	16676	14973	2597	2408	25635	899	14661	15106	17231	10667	3289	15016	18452	14531	1124	9136	10072	13960	10127	1654	2280	12109	10310	9403
5.49	12034	11543	12721	812	1515	359	1664	18387	393	1983	1553	2002	2575	11211	1581	728	1726	1171	1441	1309	1957	561	14583	1710	851	561	917	11039	1604	1988	1518	12608	18573	1570	573	1051
5.49	5667	6106	5893	6484	4626	5065	5520	5689	5466	5979	5407	8225	7239	6238	7742	6376	7539	7884	7387	9714	13199	9189	9771	9455	7799	8223	5847	7949	7548	9244	8040	10127	1896	11233	9524	9462
5.49	3538	3436	3827	1567	2981	5619	3651	5726	4725	6189	3770	7671	6211	3284	8703	1527	1707	3579	4355	5473	4971	3688	4398	678	7422	6374	3799	3546	3947	4210	3234	4298	5362	3477	3281	4296
5.49	4422	2268	28272	25155	19917	883	2386	23421	3729	4968	1671	7561	40326	26873	32775	30277	5164	43945	5707	9221	41619	7931	10519	6007	5303	7298	6636	6449	7018	42615	3820	7242	6166	11321	8617	6308
5.49	2334	4987	38718	3866	41418	1772	51289	4963	3547	2362	3602	3627	59867	51323	73077	82157	5289	1181	2227	3423	58594	656	8141	52542	60977	54977	34769	10714	1487	2489	31751	1454	43897	3226	3977	2087
5.50	102470	103606	114316	96866	71856	78962		78989	76557	121331	98087	141522	145048	91830	130034	107858	124500	19075	14757	15861	163777	187261	162734		153065	18537	114285	140690	20129		126920		183101	179863	157538	20459
5.54	6946	5349	6235	4544	6160	5857	7097	5835	8282	10371	20135	8992	6371	6901	7319	5050	4812	16868	17622	12252	8279	11857	11103	13866	10092	9176	25524	15318	15640	10524	22560	10932	6749	6473	12581	11689
5.55	3953	4177	6525	1087	2475	3861		202	3794	3872	4010	4863	5210	585	4183	5186	1259	4486	3845	5640	4796	5733	761	3417	874	4069	4867	3609	772	5818	4433	848	4577	3827	2043	4844
5.56	14859	3354	19098	1408	1829	1065	1723	2015	10651	10976	12117	13176	1092	10207	11295	13762	1768	637	840	2296	19699	926	1640	917	1958	1746	416	12206	1879	21132	1801	15961	12343	2893	9488	10017
5.56	13092	13787	20161	17377	9218	12289		10313	10748	13405	12548		16585	803	15300		942	14225	1263	16994	18108	451	9330	1993	1273	11077	15296	12115	18717	18881	13074	14806	13893	13413	855	13532
5.56		50757	61342	4779	37746	39161	27105	27927	33567	36332	35337		3452	33398	33433	42242	50572	56203	40746	6021	60035	50986	33874		48768	3908	45402	34612	47601	65407	46833	50609	39526	50324	25446
5.58	9288	6902	5538	4633	7275	5075	4973	4585	5319	4374	1286	1084	895	1626	1110	4167	674	13242	2172	2260	3356	2050	4300	1258	9805	1986	11433	13859	2007	2442	945	3880	3223	5018	6561	3496
5.58	16949	16649	20433	4115	15797	27241	17832	21988	2127	18995	17823	1239	19532	10929	28951	28055	3378	15831	1058	22454	21443	20855	14142	3020	26041	23023	2532	17013	19717	3540	19495	20641	21025	21369	2205	21418
5.59	987	12053	12257	869	1718	15910	3199	751	3220	13464	14290	429	1942	1146	16937	14244	3084	630	17979	1647	4554	2997	3993	4239	1018	715	2274	4199	2395	23749	21480	38499	1363	4845	6338	3374
5.59	3612	2485	2755	3069	3117	3425	2512	3478	3640	3034	2791	2639	3192	2369	3277	3339	3489	3780	3701	5077	3987	4297	4623	4815	5181	5215	3948	4589	3690	4625	4049	7704	8938	6678	6499	6758
5.59	9483	4063	2557	1643	7150	5965	3029	5759	6553	6185	2765	1569	2609	3660	1301	5381	7279	3748	4212	4554	10593	13068	6808	3648	12221	2265	4033	13627	11792	11641	3049	22807	5667	9235	10447	3286
5.59	5938	4491	372	5143	770	266	480	1239	236	4667	4658	711	789	690	835	4735	772	987	110	9441	7297	955	1244	7890	137	697	7047	6497	7090	401	832	1860	724	2392	11437	12804
5.59	4042	3626	893	1131	3284	5618	4278	4510	4626	4412	3582	4567	4400	2041	5333	1118	875	3401	3416	4548	3787	4092	2938	3730	5096	4934	3762	1575	4241	5520	4496	4211	566	4120	3094	4331
5.59	22674	14982	14604	13355	16756	13571	11898	15143	16334	14546	17106	12477	16125	13467	14705	12360	17547	28272	26104	37408	27870	33702	32579	30560	28804	25885	29413	33035	29244	28352	28591	60488	63538	42967	46008	46567
5.59	3439	12356	1330	1778	13873	1901	1176	16418	3144	908	1867	1500	5492	2375	718	13897	1936	19738	1568	26707	21285	22519	22320	21669	24401	24889	4203	23406	21096	4514	3153	9191	8369	34285	3331	38521
5.60						999																	2783		1731		1167			3763	3896	4339	5995	6219	4227	5157
5.61		7267	6389	8500	7160	8980	1926	1095	8899	9849	11596	11107	11341	2148	15465	14653	14699	1360		7428	11668		12928	2282	13597	2189	9348	7443	2531	11213	7717	8640	11537	6044	3601	2321
5.62	3197	3478	4471	4111	3139	4872	3806	4050	4071	3646	3148	4244	4089	2339	5816	5397	5718	1134	3991	5031	5087	807	3407	3644	4877	4130	3327	4049	4214	5878	1356	4808	4477	2798	3374	1041
5.62	6413	6766	8255	8352	6136	9445	6432	7468	8237	6545	5810	7752	8021	5118	10647	10148	10607	7520	7679	8998	9989	7758	6295	7281	9855	8423	6600	6727	7579	11013	7893	8855	8366	9926	6968	8513
5.63	2715	3100	3500	3876	2814	3939	3044	3733	3497	2860	2996	4253	3828	2088	4448	4619	4441	3298	737	3710	4762	4013	2912	3216	4512	3328	3096	2905	3878	4612	3895	3701	3895	4592	3191	4151
5.64	14416	4191	2413	14410	1171	749	13151	1034	913	820	13516	15262	19070	3612	1465	1187	1763	3103	21973	3234	4897	2580	2838	2866	625	20358	17006	4558	1674	2225	2020	1710	1883	2133	4934	2779
5.64	3733	5039	7244	5946	3440	4648	3925	4807	5183	5031	4382	6266	6838	2930	7573	7805	6734	1093	6052	8442	7665	7991	4660	7034	9872	8231	6045	5000	8892	8802	6252	8376	8590	7094	4638	8862
5.64	1307	2355	22393	19107	905	14134	10785	14330	1878	1371	1402	1160	22306	1174	26880	24247	20269	19450	550	2426	2737	26575	15521	1180	33307	2857	1291	758	29880	25141	1886	1832	1406	23805	2378	2283
5.64	3346	1425	11105	7810	3966	2695	1753	4565	6785	1283	2325	9172	3011	2777	1317	1891	2690	9129	1081	3260	3110	9723	761	4840	3328	1096	1651	2965	3496	3788	1895	2872	2528	8008	2722	902
5.64	3584	1771	11200	8786	4101	2910	1874	4541	7486	1864	2341	9036	3271	3310	1214	2235	3227	9336	1048	2995	3423	10338	909	5385	3765	1514	1931	2898	3573	4329	2319	3088	2564	8140	2790	1044
5.64	3912	1711	13752	10844	4823	3261	2304	5569	8329	1889	3089	10915	3861	3525	2050	2554	3119	11389	1262	3233	3817	12064	1056	6311	4727	1723	2201	3482	4206	4864	2495	3478	3232	9630	3127	1080
5.64	3507	4048	1062	3181	3009	1419	2711	845	3348	3020	733	930	998	2950	4904	4567	4678	5284	890	618	2485	5725	3960	4254	915	4439	3735	4144	697	6332	4663	5907	805	6164	4244	938
5.65	48887	4325	3506	414	41731	1011	1627	1259	45919	40751	43549	51316	1965	47039	60446	2658	66095	5062	2824	8391	6200	4863	4046	1812	82071	67353	3127	4779	3651	1171	5384	1901	4864	6061	5486	637
5.66		220058	9593	184676	20154	175610	157782	136336		14173	4300	10509	249188	150930	183405	164892	214078	292281	7779	318929	59380	321468	27917	204878	230362	196632	264501	288024	317634	337195	275363	8944	259103	347717	44424	206876
5.66	1315	11939	10901	671	151	8013	995	6834	7854	8223	235	557	11603	8387	1145	7386	10114	2147	10342	805	2418	1158	1711	1145	10621	9031	11291	3087	772	1685	11715	1887	11529	15242	900	767
5.68	4268	4739	4966	4529	3493	3846	3733	3760	3849	5093	4098	5595	5465	3512	5422	4431	5060	7093	7331	8329	8355	7037	7942	6219	6323	8370	5117	6911	7406	7249	5922	1658	7944	8565	6829	1471
5.70	4612	5125	5044	5407	4216	6606	4677	4580	4508	4137	3550	4042	4452	3034	5636	3451	5943	4185	4123	4628	4051	2983	3833	3471	3210	2791	4566	3248	4187	6313	5020	5068	2888	3584	4273	3837
5.73	4320	4373	5518	5497	3953	6784	3811	5617	5691	4817	4424	5907	5673	2966	6584	6721	6421	4272	4772	5444	5523	5596	3693	4995	6111	5553	4613	4048	5314	6339	5901	5416	5523	5633	3677	5062
5.73	3557	1904	3553	4713	3332	5747	3574	3929	3825	1098	3010	3890	3899	2228	4882	5019	5548	3855	3235	3937	1845	2340	2447	3609	4299	3722	3453	1725	2772	5388	3254	4011	2933	4201	877	3190
5.76	2584	2576	2979	1421	2633	403	2435	4482	2013	2814	5278	2569	3465	4060	6063	2681	4924	3587	4885	3093	3400	2540	4006	3843	3892	3344	5044	6139	3444	4739	5119	3179	3541	3516	3160	3276
5.76	8620	8666	9057	11453	7405	12000	7625	9440	9941	9591	7786	10560	10084	5258	4478	12460	11719	1198	8369	10764	10973	10201	7570	8898	11913	11353	8206	8111	9388	13079	10009	10075	11399	10277	7373	9824
5.77	5178	36827	6532	32580	22428	29114	5556	29554	32518	4477	37242	8253	4786	6264	4733	29399	36946	4550	52241	7803	18126	12106	19350	5753	6589	65076	4557	16236	74555	10049	6581	73404	9648	22938	23545	76073
5.78	8839	2275	11339	895	6412	1498	1152	723	9194	2362	274	10704	12161	997	874	8815	8860	12092	1649	2988	2186	2544	11482	2244	2927	2098	2988	1597	2082	1533	16540	2761	2507	2537	2850	1938
5.80	1185	6495	6188	5712	813	5920	5341	5693	1508	641	5817	1819	6350	4505	7050	7559	7576	6084	6547	7872	8056	978	1096	227	111	7670	355	1650	7617	2357	7124	7831	7283	7964	5873	610
5.81	1897	1548	1472	1385	1512	720	806	371	805	1532	1549	1946	2012	600	1979	1703	585	3724	3204	1300	4392	7637	10054	8244	8316	7716	4570	4532	634	5522	7614	12555	13361	13461	14082	12766
5.81	500	1483	2000	2380	1769	2834	1591	2638	2556	2355	1886	2755	2021	1655	3697	1012	3759	3230	2809	4638	4285	1839	3637	1769	3777	10012	5613	1658	4138	6670	2199	3618	5242	5347	5861	4526
5.81	15506	15108	15409	14287	12180	14523	12841	13979	19705	13439	13461	14906	16104	10819	17158	16132	17379	15495	15117	19535	19686	17974	14527	16690	17498	17018	14695	15437	18932	20734	17139	19446	18396	20557	15295	17884
5.83	1623	1407	1274	1716	1533	2157	1345	2767	2109	1791	1516	2196	1730	118	2569	2456	2815	3114	2708	967	1445	7186	1409	1073	1855	1583	4403	820	3882	6089	6682	11693	2925	11979	3307	13335
5.83	14257	2400	16500	1908	12680	15003	12752	11375	12481	12148	773	15976	1367	10840	15455	1429	17244	13922	12249		16824	2105	9782	9618	1148	8355	8036	7946	10669	14028	435	7995	7464	8443		5980
5.88	4249	3643	4117	790	4049	3324	857	954	903	1640	2351	955	4583	4670	6289	897	4636	5632	1466	865	3282	466	6819	6326		5514	1167	7808	1174	1731	11284	8262	5182	5595	1264	363
5.88	2386	2199	2209	1465	2514	571	2094	2308	2635	3696	5587	2455	2249	3628	3898	2634	2049	4062	5146	2492	2081	3233	4242	3751	2880	3083	8174	5233	4340	3261	7978	4702	2988	3367	6229	4759
5.90			5269													6872
5.95	8874	9971	1513	9938	5998	9876	7659	8639	2153	9619	8041	2124	11630	5715	10387	8117	1535	9085	537	845	11610	11403	9624	1039	11653	10864	992	1149	9363	10264	1655	8189	9123	9020	6853	8882
5.97	380	744	6361	633	4527	6907	4800	1262	617	6119	552	7012	7138	554	1109	6028	8064	7474	7959	1274	1688	718	995	609	731	7382	8100	1601	1038	1248	7177	8458	9515	6863	6644	1722
6.00	142	1833	2324	2025	2541	2210	2453	3386	2418	2800	4206	3242	3184	4494	5989	4976	5777	3127	3506	2867	2874	2842	3931	3607	3814	3320	3873	3709	2734	2687	4811	3701	4234	4118	5203	4592
6.01	3355	3018	4007	3896	4153	674	416	5813	4212	6303	7021	5760	5787	6023	11496	9052	10502	462	5408	602	4696	4456	5520	6520	1115	464	5591	5458	5125	706	7470	6905	7156	6366	7342	7512
6.05	3795	3362	3127	3848	4326	4538	4779	4915	1844	7707	6784	7070	4704	1383	6317	5616	4882	6927	2073	5267	4573	4009	1883	1447	1697	4642	8267	5650	1829	4629	6990	4879	3465	3079	4934	4516
6.05	2340	2043	1815	1967	2500	2446	3063	2578	2616	4805	4674	4336	2922	5315	3363	3233	2986	4577	4457	2715	2647	2447	5171	3764	3867	2351	6249	3825	2944	2411	4321	2351	1913	164	3259	2665
6.11	4867	3692	4094	4747	3815	1001	4125	4420	4281	3471	3244	3793	4549	2810	4397	3697	1145	4018	4057	611	5578	4378	3618	4003	4742	4186	5004	5197	650	6435	4613	5153	5306	5017	2119	1272
6.14	15967	17272	18257	2654	13288	18505	15495	826	16255	928	13084	24614	663	17591	538	32683	1046	21092	1156	23804	4355	20379	4066	23585	38282	24877	16970	15934	1279	23432	700	655	19588	3767	16224	1789
6.14	773	6200	6290	1002	698	6571	5130	5739	1048	554	778	7379	1093	854	7581	1353	9420	6821	7184	7863	10997	6333	1536	1680	1668	1366	415	200	534	8697	5731	507	6288	1507	5364	6123
6.15	844	1362	6058	1105	2691	492	3221	924	1228	1367	1101	1196	989	4124	9236	11946	7565	5175	596	1803	3134	789	6490	968	14796	1528	528	3876	710	6063	4498	1054	6557	5273	4088	1319
6.17	2784	1290	7559	5162	2837	1967	1575	3171	4309	1068	2136	8362	3546	3729	1044	2473	2016	9726	1064	3448	4029	9061	1297	6100	3825	1640	2033	2689	3846	3628	2134	3086	2527	7308	2860	716
6.25	3736	3681	4452	4407	3642	5679	3683	4140	3993	2726	2568	3524	4057	3576	4448	5997	5921	2672	2692	2959	5013	2949	4716	3758	6353	3133	1901	1784	1856	2676	1810	2514	2184	2523	1807	2035
6.27	301	358	4795	5705	775	942	4594	7132	208	6191	573	7417	7475	5287	10246	8799	9934	462	6641	6677	8198	940	1195	586	9253	3036	4922	117	5307	1127	5358	1120	1017	985	7027	8635
6.28	2610	2938	1877	1790	1024	2366	2107	1409	1812	2907	1823	2017	1571	1106	3575	3620	1982	4243	4787	4880	3790	4776	4759	2318	3380	2972	4521	3540	2803	3182	6287	7028	6929	5662	6246	5348
6.28	3078	3833	3963	3300	2657	3289		3385	2989	3733		2600	3482	2855	3837		3506	6277	5758	8069	6996	8212	5556	5913	7544	5484	6050	5439	5850	7578	7944	14504	15385	11072	10276	11373
6.28	5487	5437	5843	3651	1331	1048	604	1182	4097	4763	3541	2971	5080	3817	1135	4029	1169	2130	1892	13547	10109	14280	3251	1969	2016	1604	1140	3140	9715	2524	12907	6540	6366	20101	18666	2669
6.28	2103	2229	2663	1653	1490	1738	911	1650	1462	1791	1485	1897	980	1312	2276	1672	2121	3951	2803	4152	2874	5801	3244	3310	2006	1858	3474	3520	3670	4058	4770	9265	11360	3509	6103	2979
6.34	2236	2643	6349	3459	4609	4135	3629	3024	6575	11388	5173	3708	4069	5083	5590	7296	6176	3924	4759	5778	3145	2507	4379	4155	5329	5051	6695	5217	5099	3658	6677	9217	6378	6765	6367	5849
6.34	447	3846	4698	3124	596	724	4220	991	4432	885	705	6131	627	6190	2089	9649	1564	5589	956	5103	4786	5035	5963	1410	6771	1015	1328	7192	1240	6070	8910	8184	7136	8202	8735	1065
6.34	3917	3986	1053	3371	4366	3755	4517	5439	4464	730	8949	954	5889	6231	10782	1587	7597	755	6477	5526	5116	4970	1743	946	6456	6767	8503	6814	6935	6151	1102	7862	7054	7322	1357	8762
6.35	2752	2462	2522	1831	3299	2141	3263	3325	2850	5100	7520	4171	4279	6047	7833	6607	5334	4168	5164	3253	3015	3350	5212	4842	4750	4638	8125	5306	4736	3892	8038	5643	4779	5915	7011	5887
6.37	9977	9542	11389	8822	10234	9911	10782	13429	11784	16035	15084	14454	13368	11047	20660	19174	16081	12499	13775	11676	11319	12093	12682	14602	442	14252	16504	13222	13479	13131	17681	15358	14148	13892	13745	14963
6.39	2535	7296	3112	6549	7770	7790	8618	10299	8286	14723	11503	4438	3018	12654	16091	13432	8597	9380	10322	5247	6425	4482	9979	9782	10314	8847	3515	10142	7669	9104	12675	8965	7447	7818	3856	10964
6.41	896	1068	1088	902	10268	9307	764	1501	1444	2177	1156	1274	126	1456	148	14130	660	478	1579	8569	1355	187	13623	10123	10251	598	769	441	1465	1138	16393	278	165	1341	896	1127
6.41	977	6653	933	6360	916	1565	1223	9062	2020	13665	1386	1650	9148	1096	13801	13148	2150	1908	807	6976	6295	1094	842	9366	1170	8252	14146	1571	1415	1429	1031	8370	819	7276	1097	859
6.64									3202						3886		4842			3942					4272	3682				4462
6.65		2960	3797										3508	2169		5483	4816				3794	3566				3812		2600	3389	4616		3370			2439	3930
6.68	1893	2245	2660	2041	2146	2180	2378	2421	2443	2562	326	3272	3403	2205	4335	887	4690	3191	3020	3004	3418	3254	4732	5181	5845	5144	4566	3675	3502	3912	7413	3760	6169	4217	5287	6652
6.69	1454	25973	28478	3826	25788	33027	2954	29946	28234	24999	1228	27115	4123	2577	28996	829	40125	27973	30445	1758	5278	29683	4516	28063	31160	31241	28874	1099	28156	1815	29146	27870	25985	30341	24066	22702
6.69	653	1340	9434	1122	651	11172	696	9892	10271	8242	8037	9489	1091	7111	9818	1507	1308	9320	10031	11225	13612	9971	10076	9878	1387	10552	9324	641	9175	12558	1146	1654	953	1338	617	743
6.69	936	7451	10408	2232	854	9782	1241	11465	11222	11148	7870	2256	422	6027	13616	2474	12792	860	9607	12113	12355	1051	8574	11011	1332	12927	10747	1400	1505	11617	9517	9530	11948	644	830	1664
6.69	2717	963	7265	5674	2853	2456	1968	3715	4369	1107	2009	5746	3921	2666	1308	1495	2063	8274	673	3018	3628	7980	1114	5276	2402	863	2359	2892	3922	4135	1618	2919	2070	5193	2807	637
6.70	1241	4431	4759	5862	4242	5575	4408	5064	5018	4582	3607	4860	1158	3689	441	5743	6368	4554	4812	5733	933	5118	5049	4946	6100	5309	1755	4683	5215	1108	4891	4658	4771	4561	3962	4251
6.70	4363	2803	2380	7014	3043	4941	2895	4610	4623	5710	4629	7063	2230	1874	6535	5484	5371	2158	4986	6904	3528	5626	3724	5034	7026	5082	4558	5323	6618	6058	4987	3282	5028	2645	1447	6455
6.73				5500									5940	3731	5830	7158			6170					5803		4426				9214					6513
6.73	1045	13456	2162	12972	494	12479	10529	220	1443	752	980	12919	14272	8498	1032	1261	1332	657	783	526	1859	830	1128	349	14412	757	14948	2974	181	1512	14483	1120	1323	691	11292	12643
6.75		5541		6664								6662								7948	7052							5397			5774	6465		6259	4598	6671
6.87	531	2456	3006	2398	762	3576	1474	663	2620	5528	3987	4643	3807	5170	6664	9006	1463	2775	449	2483	2780	2524	3582	3197	4167	3338	3667	2931	3212	439	3660	3514	3592	3519	3397	685
6.88	3549	3338	3996	781	3405	4394	3812	4480	3454	6162	4477	5632	5149	4986	7862	9595	6550	3644	3582	3590	4089	2779	4297	4114	5382	4708	4275	3603	3798	4109	4141	4318	904	4226	4049	4365
6.88	452	3775	3390	2803	4875	492	6000	4409	410	6926	972	5923	5339	221	8166	751	6901	4103	462	3243	452	3283	5963	4680	5131	4169	5127	4387	3597	4072	5090	921	4223	5719	5395	699
6.89	5116	5122	5087	3377	4070	3421	4434	3698	3522	3423	4969	3399	5044	4115	4452	3802	4990	4412	4377	3907	5300	4666	5020	4958	4825	4518	4888	4335	3505	5010	7466	3990	5087	5346	5475	4501
6.91	9477	9694	9513	8700	10780	12434	11808	10904	9143	12513	10198	11535	11025	14177	14201	18751	14724	9757	10914	1919	10420	284	11543	9419	11060	9427	10642	9438	7920	12285	11563	9673	8629	11711	10604	8061
6.91	11206	10881	13709	16317	10675	15839	12001	16558	1910	18337	12974	18627	15671	10726	24116	25210	17858	11061	12770	14147	11895	12198	11074	14273	19353	16003	14195	10905	13571	14835	13800	13417	15407	12354	10256	16392
6.91	5067	5407	4914	4733	5770	6478	6319	5710	4899	6652	5512	5485	5800	7448	7686	9242	7868	4854	5652	748	5652	438	6247	5253	5733	4938	5487	5039	675	566	276	5298	5073	6115	5084	4681
6.91	2075	2009	1941	2103	1505	2411	1745	2206	2296	1855	1294	2067	2483	1368	2649	2254	2761	2456	2561	3123	3724	3640	5669	4473	4089	3470	2388	2881	2414	3573	4409	4282	5132	6995	5094	5704
6.93	10285	11496	9227	8293	13788	14010	17152	12969	9950	23463	11870	17547	15822	29350	17244	30856	12592	10259	12127	6961	8538	5997	15575	10205	12834	7812	14358	9777	7232	10342	12250	7631	6803	7500	9935	6664
6.94	2166	2409	2135	2227	3221	3200	4636	3696	2689	7604	2841	5309	3953	7673	5978	10027	2715	2295	2785	1424	1813	1487	3838	2535	3474	2071	3967	2040	1781	342	3021	1842	1468	1607	2288	1707
6.94	3352	3730	3618	3524	4673	4837	5275	5300	4042	8569	3898	6979	2070	7117	7682	11627	5003	3409	1403	2611	2982	2152	4526	3992	5088	3601	4909	3248	2768	1198	4490	2948	2764	2675	1774	3321
6.94	4847		5327	4664	6653	6647	8469	6554	5360	10704	5487	9026	7179	13021	9165	2681	6355	5120	920	3082	4052		6994	4441	6197	4381	7075	4340	3405	4704	5195	3808	3712	3609	4624	3230
6.95	7494	9012	7972	8295	9866	11488	11778	12457	9511	20905	9748	16474	12914	17789	17655	26739	10425	7970	9036	6006	7048	5430	10761	9014	12967	7484	11909	7483	6440	7588	10100	6750	6691	6202	7694	7447
6.95	3935	1973	5452	4527	3946	5445	2525	1379	5007	927	4905	1492	6439	1603	2777	8615	2365	1374	4880	1472	3671	1340	6295	1987	3230	6913	1576	2190	5061	6596	4380	1685	6436	2847	2420	3933
6.96	1114	4370	4356	692	1175	5648	5564	2091	4668	9227	4690	7690	6138	7104	8559	10828	2002	987	902	3669	600	3295	988	698	1827	3600	5485	646	728	4300	1185	3935	1356	4021	3939	4048
7.04	3887	3844	5435	1429	1026	1956	3757	5771	5300	5776	1513	1637	920	3851	6906	2141	1888	4770	4871	6740	5762	5438	4685	6237	7002	1470	5328	5254	2838	5691	1421	4745	6059	4198	3778	5793
7.05		1433	11926	14371	1157	11557	11651	12488	12107	843	12275	12644	15219	8528	11174	1263	15296	1003	564	16134	16594	12662	1633	14385	12644		12281	14238	19285	16118	12978	11279	11412	12623	11881	1003
7.06	19672	18892	19904	22528	18705	8306	3008	9315	21140	4894	6386	14701	10612	2490	5545	16490	19708	16000	5074	20012	4069	5126	12734	13475	12533	10764	14380	3253	6028	13376	10701	18842	5542	2859	2256	2849
7.06	7080	6869	6946	351	6302	6887	5649	7972	8203	452	4852	5152	7134	4820	898	6822	7377	5814	5432	7170	871	5105	766	4903	4817	4195	5314	5063	5248	5284	3880	6922	6915	5727	4394	5637
7.06		4880	5788						5582		4263					7805		5571
7.06	2068	1477	3967	2384	2772	1343	505	2440	2441	13516	2527	741	16036	1398	14308	1061	3703	1639	1631	2101	13276	10906	1277	11014	9988	9373	1588	2482	730	11024	1689	2368	16158	617	1437	896
7.07	6253	5905	5905	6962	6006	6876	5615	7095	6691	5220	3644	4017	5305	3588	5390	5258	7075	5087	4623	5810	5122	3621	3948	3669	3943	3757	3910	4197	3808	4445	3614	6655	5679	5538	3628	5172
7.08	6707	6691	7191	7644	5216	5929	4587	5924	5851	6001	5749	5293	5700	3594	5037	532	5220	5320	4939	6292	4940	3870	3549	3172	3166	1339	5594	4806	5121	4648	2847	3698	3845	3328	499	4728
7.22	1613	746	1909	2589	1788	910	17710	1213	24657	1211	716	992	20143	11977	2036	27158	1491	737	18334	21645	2107	1460	2462	556	1709	518	200	16418	526	26381	2317	1732	21040	1631	16074	19898
7.31	6250	6951	8820	9124	8246	8433	7504	10754	9714	5950	6899	4782	7584	5533	7124	8054	8345	5147	5345	5410	3901	4775	4140	3789	3755	3590	3738	575	4281	4303	1005	3726	4098	3399	2742	3601
7.38	863	5956	8184	11522	528	7103	5033	454		483	7781	932	820	4457	10240	9141	8311	7773	192	10466	7913	777	1412	1276	10248	627	8554	827	13506	8708	7901	6473	425	6146	5499	1481
7.38	4111	3633	4172	763	3305	4257	3362	652	4355	579	142	5292	1355	2657	5893	4770	5240	996	4853	5501	5497	4533	3977	4317	5027	541	357	943	846	6051	4615	3841	672	4179	3767	851
7.38	6358	6293	5789	516	5213	6215	1253	390	5974	5955	938	7078	652	4752	6546	6627	6892	633	7287	685	1483	6623	923	1324	1324	6321	401	7976	9508	1377	1388	672	5682	6454	658	512
7.39	897	1851	812	21101	1648	299	15708	1286	16734	2022	17766	1859	21825	2453	17717	17769	20924	998	1884	1808	23852	3386	21150	1345	2337	2081	19246	22721	2196	24951	2833	16095	1808	2473	2407	17877
7.41	6330	5963	7457	7954	6205	2394	804	2192	6769	5507	6929	5249	6922	3874	229	1396	1847	5344	5538	5824	3753	2997	460	1282	1163	786	820	4442	5324	2858	691	1042	2710	603	504	3322
7.58	38940	30716	31247	54286	43862	65532	43293	31931	33577	40489	30049	6125	29504	39484	47702	59424	58710	35470	51839	30653	45810	25833	44564	31889	36677	29797	43943	34765	16252	21014	22241	32325	40568	43984	19421	32230
7.61	1573	3042	13840	12752	1937	2641	1357	2135	885	8669	1123	596	1134	10064	1130	10119	2243	1114	11708	786	1308	10268	9745	737	662	1189	8154	1438	7074	7135	413	11902	883	1005	1084	1392
7.61	19480	20699	21368	24256	19034	15676	2018	17061	23246	17073	9864	17795	17792	11938	22197	14775	14525	17442	14241	12398	15559	14944	15377	9270	13824	14111	10517	12582	9644	13566	9714	14950	19436	16772	11352	12145
7.62	615	488	1351	7758	6066	1307	5232	1586	7551	5184	273	1374	462	4493	6134	5899	6130	5440	423	865	337	4730	430	4062	3660	3618	4485	4320	458	3233	3190	5574	572	596	3710	3966
7.62	4963	2034	5206	5973	3975	4950	4013	5251	4989	3948	3185	4185	5074	1609	4588	3067	2518	3786	4140	4604	3996	4049	3386	2970	3592	2280	3337	3187	3157	3401	2809	4887	3056	4183	2697	3908
7.62	13118	13454	14877	930	11670	11693	10464	14361	15579	10060	8093	9396	13494	8932	12555	11506	12407	760	10800	10827	9116	9338	8782	7709	6484	7207	8408	8149	7807	6680	6305	12027	11358	9012	340	8060
7.62	57611	57217	60583	64075	45891	54095	3834	1101	2101	3252	2066	42918	3672	35941	2818	3647	53738	1325	48347	50818	2767	210	40536	34785	33549	34431	37075	37013	35065	34345	31174	52259	51486	47092	1623	38292
7.63	2320	3622	3376	3734	2791	4494	3154	3365	3773	4019	1490	4222	4524	3441	1757	6098	5409	1441	1518	4246	1563	1847	4696	4270	6120	4696	4254	4292	4705	2240	3806	3632	4662	3737	3467	3854
7.64	4283	4459	4446	4964	3241	3604	2746	4412	4155	3452	3212	3677	3578	2184	3115	3339	3235	4086	3142	3778	2919	3453	2730	2392	857	2169	3164	3461	3573	2427	2562	3847	4014	3397	2310	1162
7.64	4811	1567	4764	8649	6485	4366	6073	4592	1161	913	6047	1022	7314	3018	3514	3360	4117	4664	7237	7966	1302	7191	517	2828	2863	2577	6608	6927	7028	3537	656	7579	638	1048	2750	3354
7.65			3970									3050																2714					3364	3461
7.65	17848	792	20675	20451	2181	15904	1393	1792	16674	584	1215	1462	15547	1287	519	13517	1591	1513	2422	1453	1391	16133	10758	1045	10879	9132	12951	2847	1615	12363	205	15672	14651	13420	1181	1679
7.65	1101	2070	2680	2589	12721	14566	2066	2946	1549	13550	1508	15630	15288	860	12737	2059	12279	3737	1538	2002	1213	1789	1960	9687	11406	906	11882	1948	14703	10365	10181	1762	2283	2079	1448	1958
7.66	6747	6608	1798	7345	5126	1119	4570	2008	6470	1564	4736	1923	2785	3425	5120	1728	6227	6479	5422	6561	5190	1074	4288	1148	4170	3481	4476	5219	5820	1043	1017	5643	5571	4742	3763	5415
7.70	60381	61979	11795	11700	54968	47806	37053	14622	5697	50126	38330	45818	53865	40816	64156	52933	54606	23812	16874	50917	10556	46738	42684	38367	39861	40251	39458	43126	26435	36938	35435	5235	10037	7858	36639	46348
7.72	5123	8495	4171	7368	2325	4003	5360	3623	3598	1268	1686	1908	4326	4445	10391	4195	4329	1653	2049	4066	6583	3488	4444	2534	3619	3351	3130	4527	3811	2792	2670	4127	5079	6078	4642	1877
7.76	5068	5140	4178	5414	4929	6383	3878	6191	4471	4935	4670	5748	4316	3368	5149	5603	5760	4159	4220	4639	3891	4347	3784	4026	5422	4216	3662	4196	4535	3952	3716	2945	3662	4967	3128	3015
7.84	2020	3789	2308	2794	4024	269	2712	607	3266	2736	1808	3226	3004	551	2699	2122	4521	5608	319	4194	5732	6092	545	6431	7055	1297	4220	3142	2775	4806	5022	8262	4574	574	6264	442
7.85	7326	8648	9554	7149	8672	11091	7618	7481	7353	7885	8734	8828	9021	7906	9354	9841	13981	10377	10008	12626	14668	750	11629	9483	10685	9887	9622	10152	9628	15784	11628	11277	1208	13157	10289	7279
7.85	3206	3951	3917	3112	3846	4998	3202	3266	2920	3169	4208	3497	4151	3427	4126	4011	5821	4358	4490	703	5953	767	5157	3969	4676	4144	224	4314	3534	6538	4724	4935	982	6276	4726	2940
7.85	4786	6750	4570	3931	8996	7352	4745	6747	4786	4804	3916	6428	5767	7725	5304	4684	9345	11491	8447	8503	12794	11992	19956	12315	13198	9849	7619	7023	5687	8481	10748	14589	8913	20764	12331	7960
7.85	4362	5715	4265	4367	6131	6722	4087	7014	5013	5107	4001	6080	989	4886	6365	4710	7304	7616	6392	7012	7832	9012	10049	10875	11879	8624	5902	4704	4993	6557	7773	11088	8486	13068	7017	7821
7.96	4844	4968	3088	5953	4985	4165	3863	5638	5726	3861	1702	4536	5248	3076	4714	4289	2188	4817	4640	6147	3356	4069	3838	1755	945	3409	3906	3896	1388	2794	3022	5148	1714	3546	824	3730
7.96	5493	6350	1353	7090	5653	2081	5239	7493	1228	1143	351	4815	5997	831	1464	6162	6358	5260	5457	1546	4403	863	3960	3735	4184	4234	1119	4702	5000	3903	3883	997	825	4463	2959	3924
7.97	21014	21337	29287	22129	22290	20459	19985	27292	24413	17844	21170	13670	24436	784	21806	22258	22883	20112	21457	18800	16409	18116	15005	14421	14159	14745	13441	1656	20001	12032	12389	6658	19900	2546	11504	13066
7.97	6438	9179	9843	10313	4482	8395	4089	9740	5981	6604	7544	3769	1707	3691	9382	8022	9253	8060	5283	6197	6381	6928	5874	5814	6213	6056	4051	4091	7812	3711	3148	4652	7725	6209	4668	2413
7.97	20316	2624	2376	24888	20405	18870	1817	24768	1832	1205	18691	17273	2116	12555	20389	18037	2075	17954	1871	21620	14422	17575	13215	2368	12291	2355	13020	13842	19640	11248	1114	17644	3692	14505	9547	14026
8.22	5585	7901	3287	2599	5588	6920	2531	6736	6187	2264	5434	2031	6975	1684	6541	3070	3783	6481	6770	2124	3668	2840	2783	3184	6592	2797	6258	2266	2274	3907	6845	7357	6935	7189	5509	6088
8.22	20858	21514	26561	30028	18818	30108	19397	27992	27084	25864	21385	29412	26243	13399	37056	31464	32672	20476	21143	27976	26603	25343	18591	24916	33082	28277	23173	20336	26463	31757	23556	26892	28109	25611	18748	28796
8.22	11411	15673	12621	13382	12852	15267	1549	14623	13706	10805	11698	12830	14765	9910	14376	12095	16487	14344	13935	15027	15940	13998	15166	13511	14241	12645	12459	15215	15435	15013	14295	14733	13942	14723	12502	12513
8.23	10129	14103	11199	11660	11682	13639	11046	13120	13491	10169	10906	11489	13270	9849	13415	11194	14648	12757	12449	14492	14023	12708	14088	12037	13043	12145	11694	13755	14151	13138	13352	14016	13586	12622	11295	11846
8.25	3672	16277	16297	17426	18187		15178	17183	3291		13325	11964	15871	10969	12287	9718	16885	18332	18450			15101	16921	12709	9375	10312	12963	17741		10800	10577	16824	1243	2861	3978	8932
8.25	17001	12664	16043		13734		12219	18061	16076	12705	12185	1853	17271		14321	11376	15196	3277	15278	16115	8000	272	8657	11842	10913	11301	11887		18325	9696	10887	12650	13528	10334	5627	10513
8.25	32204	35810	33788	36940	28028	29011	25836	35324	35505	26357	25533	28853	34848	19787	28564	20172	27401	30735	30077	35243	26446	31346	24870	25078	19895	20508	25973	32475	38704	20151	21710	29042	27057	19728	16895	20926
8.29	1740	16873	1644	4615	14373	4048	14200	2532	17320	2839	12051	15937	16504	1850	16432	2535	16489	1467	1665	17128	3261	15103	3264	2345	11984	12159	11757	15008	3121	12917	11790	14711	2406	1316	8330	11447
8.29	2594	1483	5320	7622	3108	1502	3872	3745	4637	1046	1642	2993	7335	3952	5681	36870	6712	37960	39796	6236	5295	2728	29715	30139	3230	2458	2142	6659	4127	5956	2127	3121	3799	29327	20255	2782
8.29	4824	5607	6066	6470	3438	6255	38096	2967	48525	3962	2350	3727	7318	4614	1873	4593	6420	5218	3731	8351	4979	4396	6691	2638	32688	3443	5421	8423	5857	6380	4068	6032	38802	2449	1259	2396
8.30												3874								3008
8.60	7039	6173	6411	7353	5579	6791	5439	7630	6846	4605	4156	4901	5324	3181	5188	4786	5275	4195	4402	4883	4829	4113	3691	3560	3894	3580	3558	4199	4807	3852	3656	4120	3965	3060	2223	2636
8.63	15842	15860	20470	21982	13663	22337	14968	20870	20149	19193	15971	20965	20212	10691	25521	27699	26032	14440	16034	5226	20524	18122	13883	17217	24202	18982	15148	13718	17338	23681	17517	17337	18224	15623	10385	3054
8.74						5630					4529							3960									4472				6046		6197		3986
9.00								5239	5705														4357				4922		4607				6239
9.01	1946		2825			2503	1578	1922			2682		2260	1378		2466		3502		4683	4482	3516		5439	4911		5014			6239	6028		6294		4579
9.11	2431	2936	2791	3927	1253	3438	2323	18496	4256	3393	14997	4193	4328	1896	3687	4929	5949	13331	13900	3064	18797	17624	12252	12868	23345	15177	3481	11246	13316	21109	12190	10870	11236	9454	6118	8865
9.13								5914										4146							6218			3121
9.16															2055		1857				2671			4059	2598			4009		5173					5666
9.17		4191		5517	3800		3951	5477				6726				7632	7042			4606		4649	3514		6789		3029	3092		5370
9.19		2140		1315			1812	1881			3092			1286		2173		5789	6730			4625		6351		6824		6823	6868	10149	8775	8949	8599	10725		8128
9.22		1202				1213	1164	1489	1505		2454							4333	4359						6070	5062	4430	3860	5276	6263		4162	5295	3911	2679
9.24	12500	11418	16729	9161	11132		10801			9245		10605			14398	15687	16724	24818	29514	26922		22199	23377	28902		32934		29410	29635	40969	40249		36199	50917	35166
9.35	2833	2259	3204				1517		1481	1274	3174	1908	2560	1339		3220		4805	4525	4682	4782	4248	4099		4828	4231	4020	3889		1279	4899	4684	3974	4286		3526
9.35	2466		3844		1715		1525											2525	3424			3549	2545		5078							2545	4099			3123
9.37	3841	2635			2503	2865	2756		2810		3768	2931		2165	5191	4499	4308	4274	5175	5455			4103	5257			5111	4778	5006		5333	6621			4401	6161
9.38	3473	2362	4084		2559		1942	2007	1987	2696	3329	3057		1921	5469	3686	4338	3167	302	5318			2542	3430	5335	4234	3171	2950	4501	4897	2693	2094		1818		3024
9.39	20127	16110	23563	2007	17083	1035	2406	13579	2934	2224	22148	16128	18456	13992	23265	21292	27222	2853	38185	34681	41113	31287	32726	36180	2884	4197	32995	37031	4955	53464	47485	49891	41515	56229	41023	40479
9.42	7523	5713	844	4960	6376	5860	6160	4697	4973	4769		6615	7584	5253	8225	8050	10796		12991	12357	15015		12573	13240	14037	16032	12115	14327	13318	20525	18167	18974	15879	23283	15684
9.44			2308	1503	2416	2730	2619	2593	1710			2717		1937				4185			685	3089		5068	4893	4232				5850	684	6173			5207	4837
9.47	4170					2641	2917	2164	2100	2076	5028			3147	4980		5486		9864			7471	7770	9350		9557	8153		8677					12320	8608
9.50	16675	1549	18651	1789	14409	1615	1478	2416	2622	1381	12046	2303	19870	9934	26068	26015	3907	9479	8604	15069	15144	13856	7872	7826	15676	8377	8023	6838	8398	12690	7946	5938	6173	5417	3966	5461
9.50	2809		3782		2418	2031	1805	1986	1568								4458	5426		5594	6344			5842	5691	7146		6509						9713	6353
9.51			3593	2663	2551		2136	2705	2511	2385	3472												4436	5911	3036				5298		8456				6634
9.53		1678		1077	1413	1103				1249	2992	1929	2134		2283	3092	3119			4192	4227		3321		4303		4069	883	4259	7019	4965	5117	3900		3874	4229
9.54	4030	2583	6468	2575	2711	2475	2351	3431	2007	3573	4172	4974	3677	2427	5929		5188	4821	5392	6483	6674	5544	3838	5790	8302	6477	5550	4509	6781	8125	5865	4621	5806	2967		5780
9.59		4650	7620					5243	4559								8738					8683			8874	8805		8027	8896		10282
9.59	7200	5543		2765	828	2313		5056			6907		7441	4725		8865		9571		9352		9646	8786		11304	10175	8827		918				7735			6846
9.60						1543		2848						2033						4880	5170	3835	3293			4191	3177					3804	3710	4274
9.63																									9696				3770
9.65	1544		4178	2499	1702	2830	1545	2152	1958	401	2429	2839	3166	1507		444	833	5617		3811	4188	4757	1477	6686	2876	2039	3525	3167	4553	6033	3760	6526	5167	11101	5706
9.70	836	5550	7428	3377	5286	5468	5127	6706	1388	5161	1229	783	6945	870	7049	8269	9253	1611	665	8133	871	1325	551	1198	7838	1247	5601	6005	5535	1593	6513	4689	4911	5152	3947	994
9.74	1354	433	1724	1659	1009	1576	448	649	1652	1271	1281	1835	1120	814	2393	1981	1643	551	2060	1961	938	2179	1649	5881	2932	7687	4642	4260	5240	6029	8143	15535	15070	14525	10947	19048
9.74	1432	1024	673	1886	1060	1702	1069	1649	521	1773	1932	2284	1588	995	3759	3072	2719	2191	2774	2449	2226	2303	2056	3859	3578	5932	2994	2956	4699	4429	1054	8600	8961	8306	6147	10229
9.76	1665	1225	2067		1130	1019	1116				1679	1106	1447	866	2087	1343		2581	2931	2645	3134	2270	2756	4765	4018	4964	3717	4049	4425	5795	6931	9637	7901	10135	9000	9218
9.76	3282	600	3988	3478	3063	3160	3434	3828	3652	3175	2894	3924	3726	2419	4624	5278	5530	2937	1482	4671	4167	3689	2410	2623	4523	3287	2471	2788	3055	5098	659	2389	2242	2443	1627	1985
9.77	23467	25070	23342	19493	22575	30502	550	21995	2537	17056	18723	2040	997	303	22607	24873	33681	24494	24739	26032	32622	977	2193	21140	23118	546	964	1458	20292	1254	29647	30360	20705	2310	2235	19501
9.80	3589	4046		3229	4253	3532	3397	4296	3576	3772	3763	3599	4598	2752	5039	4955			4368	5178	5037		3602	3034	4747	4531	3705	3847	3826	6618	4435	4363	3188	4430	2075	3379
9.88	3706	29952	32944	42586	25132	43650	29610	39810	37956	35854	26236	38473	34774	18271	47043	47246	43695	22199	23270	32584	31989	30318	18792	20295	34696	3263	21570	20186	23583	31989	19750	17335	19855	18987	13244	19111
9.88																		3166															7742
10.08	387	3054	2319	3974	2572	4457	3073	3834	3557	3317	1527	3683	1995	1863	5186	1048	4687	3071	3447	4151	3933	768	769	4006	3193	2895	3295	410	4411	6040	1040	5003	5291	5026	3713	5150
10.09	1305	507	1801	1004	673	1104	708	651	783	781	790	812	1202	707	2072	1952	1420	1062	1771	1777	1700	1328	3162	6296	5572	7722	4324	3647	5180	5301	7005	11870	12276	12706	8537	13434
10.10	2429	1527	3950	1960	1480	2071	480	2401	2215	2231	2444	800	2461	399	5200	1200	799	2945	3851	497	3472	3260	3220	1199	6789	10305	5120	4092	6382	6892	9161	14456	16084	3368	10064	1938
10.10	1649	1464	1635	1338	915	1396	4721	1822	1243	1204	1037	1017	921	731	6963	1131	2777	1577	6374	1270	1902	5202	5861	7836	7553	9025	6139	6435	6592	9415	11937	20857	14174	26147	16641	14774
10.12	3299	4091		3847	3184	5031		4594	4537	3774	2989	3658	3804		4916	4297	5611	3244	2938	4009	4746	3912	2100		4390	2784				4115	2271	2727	2396		1566	1993
10.12				7024	3688			6974	6011		4072				7857	7110	8265	3959	3518			5125	3069	4163			4102	3684	4999				4446		2461
10.13	1963	337	5560	2838	2249	2979	2405	2740	2350	284	2447	2989	3725	2103	893	2752	1235	5727	750	3858	4160	4730	1432	6686	3105	1694	3178	3256	4026	5163	3288	5242	4401	8597	4356	545
10.13	2561	715	7382	3399	3045	4572	3400	3822	3086		3301	3727	4501	2790		3475	2526	8044		5640	5132	6851	1899	9647	3838	1963	3968	4130	5278	7368	4977	6754	5172	12942	6212
10.18		3218	4392	3601		3489	3255	3346	3636	3115	3081		3853	2161	3981	4951	6121	3376		3988		3370	2873	2804						3838	3619	3636	3003	3134	1589
10.25	3724	3294	4234	1286	3465	2059	3376	3085			2756	2824	4078	3057	689	4497	5144	4339	4325	4457	70	4234	4148	4216	5069	5335	4145	4069		6267	4394		3889		3465	4356
10.36	4333	4168	4699	3874	623	4999	3795	4209		3320	3571	3658	4106	2588	5190	5523	5939	4170	977	4702	5008	3983			4520	4485	3540	3760			3977			3450	2914
10.46	3004	2951		4281	3197	5110	3276		3713	2803			3011		4020	4683	4223		3410	3645		3475	3391						2966					2904	1915
10.46	2827	994	4709	908	1029	928	959	1362	894	1293	2866	1575	1402	1019	6565	7907	2125	2852	3852	1951	3824	1547	3242	7629	7797	10132	4704	4086	5851	7960	8975	12777	14992	14254	9842	15129
10.46	4275	3185	7888	1567	3815	932	4024	2415	1845	3374	1967	5031	4941	3620	10705	15192	6616	5103	7132	5547	5822	4320	7153	15824	16275	21700	10156	7937	12198	15114	19095	32328	39829	32983	21872	39740
10.46	3209	2287	5786	848	2395	2055	2702	2659	2688	3174	2656	4196	3509	2105	8265	9241	4800	3097	4370	3858	4038	3226	4895	9453	9736	11732	6103	4898	7258	8892	9588	15152	17724	15975	11469	18019
10.51	2547		4284	2635	3247	3583	3431	2829	2306		2605	2873	3826	2398	1387	3576	1891	4691	1150	3737	4599	3631	1514	5995	3787	1483	3117	3578	3503	5731	3886	5459	3883	8232	5002	612
10.52	1785		4620	2237	2219	3538	2624	2615	1916		2181	3000	3224	2044		3383		4496		3072	3321	4007		5847	2918		2556	2681	2953	5210	3201	5063	3848	9083	4492
10.65	2304	2873	3506	1742	2871		3314				2012			3047	5006	5417	5041		3675		5359	2995		4722	4518	4870	3517	3273	3096	5810	4549	4396	4325	5718
10.66	3228	2936	3882	2210	3298		3605	3264	2894	2946	2371	3168	3778	2665	4823	5982	5293	4115	4107	3829	4357	3057	3633	4279	4829	4675	3677	3851	3959	5764	4812	5392	4942	5521	3683	4942
10.79		3440	4100				3458		4179			4152					5942						3062	2883					3964			2999
10.84	3226	2895	5688	2166	1735	2274	3059	1885	1664	502	1461	4607	4517	3064	7644	17020	5425	1567	1915	1767	550	736	4596	6696	8785	8220	4065	3352	4045	7472	6903	11929	18058	15912	10294	14712
10.89	3949	3580								2423						7448					4168	2081	2707	2693	5433	5021				6315		4865	5071		3784	5344
10.89	31600	2849	44707	53331	24812	8528	28296	47532	12513	5456	32650	50595	44113	18251	69185	2669	6808	28641	32110	5518	38393	39159	25727	3504	6737	49576	35228	28919	42737	49943	2035	3044	6430	49070	7292	7443
10.99		3148		2869	3736		4292	4694	404				4692	3532		6739	5876				5025									5326			5926
11.04	3900			3351	4333	4445		4172			3019		4385		5712	7458	838	4040	3825	3803	6036	3938	4421	5527	6275	5602	3838	4345	4536	6765	5512	6790		7744	5644	5845
11.19		3400												1423																		4617			3368
11.21	8997	7881	10603	713	7158	9199	7467	812	7075	8066	878	9171	9582	7222	12376	16769	13925	8767	9514	9416	12137	8659	10727	10588	13185	12562	8334	8541	8732	15489	12518	14035	13813	17135	12544	12191
11.21	25349	21689	37697	2285	19079	29172	20170	31985	26376	34310	22323	42445	35140	17091	59210	62970	4445	24587	26943	32456	32334	29285	24082	37298	57311	47154	30061	22048	35723	43973	35369	39725	48370	2621	25281	50522
11.41		2779	3863	3440	2493									1449	4831	4492	4226				3704	3457	2705	3132				2702	3885		3025		705	3427
11.60										3414	2736																	2714
11.96	298	1188	1501	709	550	1161	392	10008	9150	7211	8056	9429	285	503	749	12464	12554	564	1477	1041	11758	548	202	593	770	10006	8562	981	10816	13299	333	647	10201	617	577	9982
12.15	5325							6868					4744		6328				4608				4328
12.35					2893																		3452									5013			3080
12.42				5757						4061			5210			6409	6273			5937	5122				5907				5966				5192
12.47			3244	4229	2267			4354	3337					1784		4764				3355	3135	3295	199			6851	2687	2579		3930	3615	4071			2374
2.16	7776	7870	15005	14136	5321	6821	5117	9454	9916	10232	9462	19378	15364	5472	14773	17994	11913	7640	6961	13124	12317	16242	6091	10436	18993	9175	7026	6853	14096	11883	6841	11570	9033	10683	4570	12088
1.09	7381	4908	7025	8358	6396	6093	7723	7001	7987	6444	5959	8150	7703	7740	4662	6435	6707	4926	3943	5263	5355	6527	4962	5647	5636	5686	4520	5555	6302	3987	3910	4895	4529	6032	3916	5306
1.05	3464	2119	3282	5078	4642	2589	4516	4239	4361	3970	4463	4538	3889	4403	3047	3830	3640	3089	2846	3114	2833	4238	5249	4887	4113	5063	2642	4084	3592	2620	2354	3392	3718	4751	4502	5480
4.49	15467		17503	21167	2453	12617	3197	13787	1045	3532	19654		2158	10459	16752	20190	16784	15372	2010	17212	19899	1380	2438	13518	2164	12432	1506	18473	15968	16721	1831	535	15112	1285	11205	1212
5.42	7657	6684	9285	11158	6783	10540	6795	11509	10734	9473	9262	10937	9939	6583	17627	12674	14215	6967	7223	9442	9338	8280	7646	9640	12132	11405	7477	7407	9157	8509	6401	9513	12638	7856	6667	11370
4.89	2013	2266	3025	4046	2455	3574	2779	4276	3509	4713	2713	5110	3792	2628	6072	7512	5813	2650	2896	3770	3227	2210	2737	3140	4237	3842	2395	2676	3418	3052	1950	2299	4120	2766	2121	3176
4.58	6037	5628	6367	7255	6056	8058	5191	8269	8308	7935	9510	9273	9699	7245	12518	10795	13119	10087	11909	12380	14195	11559	12537	12648	14899	15967	10775	9667	11121	11700	9162	13140	14095	9297	12020	15025
4.02	11055	11071	12997	14085	8758	9400	10029	12154	8389	14820	9460	16149	17513	11241	17574	17454	21079	14221	12210	16582	18588	13304	10370	13683	16638	12227	12953	14849	13702	15815	11076	11939	12596	10974	7767	8205
5.02	42190	41705	59277	63482	35269	49365	37803	60838	65580	67625	47763	74173	75340	33313	108210	79391	78880	54292	61555	80979	66895	73061	46023	75851	83882	88571	58414	54529	85992	66142	53306	76749	93445	56846	50639	87407
4.51	2265	2876	3557	4929	3585	4680	3460	7204	6800	6605	4732	6031	5314	3076	9320	8895	6311	3898	5555	5920	4847	3311	3718	4655	5675	5534	4836	4931	7021	6142	2431	4274	6910	3688	3852	6325
4.74	4118	3546	3533	4503	4371	4144	3554	5090	4313	3986	5039	4671	5121	6529	6716	5078	7782	5826	6635	6222	7966	5140	7788	5772	5619	4830	5280	6472	5241	5054	3434	5798	6377	3681	4398	4298
4.51	65316	73991	82451	73321	44978	51828	43695	48809	43726	73496	54229	91388	91687	60667	68960	72273	77473	90972	67215	96903	108519	80549	63232	63920	82950	51241	82729	80370	89219	95415	65353	79886	75430	66495	43952	43294
4.18	5956	7721	10651	6736	4621	4892	3909	4842	5344	6771	5381	9320	9489	4109	7107	8568	6891	10655	11371	15591	12932	10526	8199	8481	12079	9562	9390	8623	12393	10489	11611	9638	8324	9596	5873	7151
4.06	2477	2856	3001	5614	3569	3785	3909	4930	4192	4414	3162	4797	4593	4126	6417	7522	6972	4241	4204	5524	5726	3324	4573	4418	6165	4174	4270	4595	4531	4861	3036	2876	500	2607	2137	2843
3.90	19016	18263	18968	28573	23248	23349	23429	28026	23087	25308	23767	27613	30173	20236	39019	33256	43181	23814	30595	30799	30881	26588	23291	28370	30751	29414	31792	34328	32438	31171	25689	31652	34915	22948	25590	25757
5.18	8701	7876	10054	15338	8102	10415	9974	12463	11750	11083	9069	12122	11568	6882	16050	16197	13963	7622	7113	8750	9275	6507	5242	7356	11586	7232	5335	936	6344	6908	697	4631	6071	4849	3563	1014
4.54	5618	6175	8112	10464	5027	6662	5752	6683	6948	7708	8027	9907	8034	3596	10414	11779	7086	8110	8730	11095	9258	8122	5132	7346	11509	9527	6704	4628	8525	7117	5718	5968	6089	4824	3049	6088
4.25	2207	2401	2814	3458	2219	3293	1934	3748	4307	3279	2659	3754	3233	1848	5102	3197	3853	3590	4922	5052	4226	3397	3226	4243	4697	4209	4765	4439	6800	4972	3675	3335	4328	2469	2874	4523
4.36	66010	69929	75991	86904	69067	87478	67306	86898	84565	75003	83270	88774	103147	63505	124643	95155	112599	100792	115260	117194	123938	124374	105719	111109	113758	110774	103017	115539	124955	113581	116011	149580	142131	110394	125494	124656
4.01	7781	2441	1493	8991	2463	9777	2155	12332	11625	2172	1293	16787	17327	12355	27001	2719	1972	304	1509	11334	2203	1135	12761	15149	10802	15156	633	272	803	11388	284	1504	3802	2157	18233	12993
5.83	6786	7239	9788	10721	5070	6470	5201	6400	7017	8186	5995	10024	9163	4777	10407	12424	8094	6475	5841	7761	8571	6800	4694	6035	12051	5142	5079	4140	6741	7158	4283	4311	4876	4046	2390	4274
4.96	5466	6141	8482	11929	6095	7941	5693	9218	8518	7095	4824	7347	7682	4753	9987	10269	9166	5035	4373	5953	6466	4210	4588	5324	8028	5096	4980	5208	5353	6127	3981	4436	5045	3934	2776	4211
5.14	2575	2708	3925	4142	2169	2547	1820	2263	2395	3099	3040	3959	3340	1717	3479	4477	3025	3861	3433	5212	5547	3841	2437	3136	6383	3640	3092	2137	4337	4228	3685	2887	2844	2777	1730	2844
4.48	12589	17935	18374	16803	14262	1660	12019	24545	18074	18993	15250	19327	36341	29709	73013		49662	10562	21834		23732	30032		44439	27641	47414	13658	9977	17731		15442	36432	45721	26307	33403	31417
4.07	2811	6549	7247	4595	6736	9972	4761	6878	15082	9375	9300	5039	5798	7300	5275	6714	9641	3612	7877	7710	7700	5927	5199	2501	3718	3816	7157	5378	5627	8518	4665	3502	5290	3970	10016	7023
3.95	46807	54354	54420	68062	49711	42074	12743	48442	47701	74610	74561	70470	69906	48470	13414	83020	5998	49960	56987	70714		37365	34234	46918		38675	52297	57460	62612	45881	30429	8654	42852	22826	29849
5.38	14785	15348	21599	21483	11654	16262	11240	13589	15188	18179	13349	22211	18866	10075	22378	21400	18831	20533	16793	24436	27034	27546	16415	23219	30478	20168	22315	19648	30651	28804	23412	28583	29179	21653	15709	26400
4.82	7214	7573	9700	14128	8892	11535	8835	12393	12771	8519	6463	9873	10144	7258	12982	13631	13639	7293	7730	9864	10183	6788	7320	7798	11640	6180	8381	8200	8242	9132	5983	7050	6921	4672	4586	5946
4.19	5174	4575	6086	7596	7619	7601	9291	1121	9735	5208	8361		9363	5312	1000		10471	6232	7793	6780	1331	5052			6557	8011	5888		9461	5591	4807	6900	5172	4965	4681	5753
4.12	9355	10167	9909	1545	8694	4941	8903	9501	11228	6561	13964	16356	16440	8333	15907	12273	14497	17583	31372	33173	30829	16402	13692	13798	16874	20261	20391	16512	18366	21349	17034	16268	9780	7762	16263	8604
4.01	23134	3823	286	45750	7417	31719	32903	33789	37293		40779	1799	37055	27580	28547	44320	38929	27418	38723	34599	32042	17470	22222	23182	30360	18934	30515	35923	34185	26948	14637	1294	12749	10757	13876	14279
3.85	3910	3747	3238	4964	1544	5789	5386	328	5245	4179	3127	4834	5688	4654	7123	4637	7704	1955	3237	476	735	2983	2691	159	2871	2138	2354	1649	2126	2635	2276	4737	5041	2699	613	2647
4.80				20654		17138	18312		16654	20418		28162	21373		29569	7664	31298	13093	19730	19628	16617					30420		5652		6933	7577			8107		7173
4.65	521	1327	569	2801	25559	26917	2864	32937	1944	25545	10056	29656	35860	32863	4091	42339	50646	905	19508	19994	3088	23773	1488	595	1662	2868	686	6516	1150	3059	10809	2413	1808	513	13893	15206
4.42	3239	14564	382616	412954	5388	419070	292834	7365	374110	346511	2446	374056	363291	234170	17762	11653	462210	6845	11770	393512	436181	358228	297149	4975	2129	8269	17109	335246	8666	459078	4251	386374	2419	14492	19456	6431
4.60	2666	3769	5282	4668	5591	4880	5115	7020	6853	5158	8455	6054	5338	2973	8315	7965	7518	3917	6317	6954	4591	4692	5100	6688	5514	7669	7876	7997	9103	10610	5669	4269	7962	6086	6391	6611
5.45	2292	2399	2603	2578	2711	3506	2922	4166	3959	2031	3089	2511	3891	2068	4519	2732	3629	2363	3265	2945	2906	3349	3346	4219	2973	4895	3358	3356	5089	3870	4065	5066	4299	4726	4405	5218
5.01	4397	4518	5376	860	4042	1176	4338	4532	5356	5128	3846	4904	6392	4108	7348	6452	7449	5583	6463	1137	7009	6304	5329	6061	6451	6554	5023	6194	6368	6953	5470	6833	6395	7199	5259	5830
4.53	4603	6065	7728	8497	8291	6645	7689	8347	8177	8803	12307	9875	8235	5387	9375	13273	11008	5480	6788	6959	6238	3631	4238	5364	6120	6000	4610	5139	5454	6592	3271	1977	3850	3404	2588	3233
4.64	12041	15565	19012	17448	10793	10669	11053	12075	12468	14100	15735	18098	14417	4996	12238	16564	10695	18762	22979	26947	18900	16105	11662	15111	16931	20213	18795	17133	22735	19547	19373	14040	12378	17661	10375	14774
5.36	8281	8709	8851	9695	8370	9476	9907	10697	11578	7240	8398	8602	13706	7445	12954	8307	12788	10413	10083	10523	12502	10454	9661	11585	9105	11028	9938	10914	14319	11441	10471	16809	13052	13515	10925	12287
4.80	5866	3592	3772	5008	5606	3997	5670	5470	5178	3782	4342	4031	6592	5741	5752	4406	7410	4392	4403	5168	5157	2512	4117	3923	2905	3115	3927	4207	3530	3506	2102	2757	2865	2310	2340	3242
5.66	60946	55729	62912	50689	37781	2433	6731	35242	40566	48820	40746	3673	1824	46585	2957	1053	1761	77855	5451	2677	18066	1332	62325	52533	5539	51218	72412	76831	7721	85210	71710	88051	6151	90104	16000	53468
5.25									4321				6044				4759	6730	7324		6868	7275			6276		6490		9251	8611		6067		5907
5.37	8440	8001	7878	9820	7315	8213	8478	9520	9629	7799	7560	9874	11298	7306	10324	10367	11043	7260	8289	8571	9756	6680	9596	7984	9916	7143	912	6653	1192	7662	589	5077	497	5174	1041	4431
4.88				53001					50943		54000			42122			75415	51240		404	57713	62489		58574			56463	63646		67594		85200			57789	63484
4.64	9789	2011	4653	3699	1755	2609	2030	8738	2304	1840	9229	2069	8305	382	1854	4204	2568	1379	3456	11745	1463	8479	1748	6990	8850	7736	13268	3039	4262	16060	9096	4832	4969	6158	6155	5128
4.37	5631	7637	9817	10484	12051	9332	10421	13268	12403	13210	14867	13999	10445	7511	15897	18058	15676	7888	10143	10576	9745	6745	8105	9175	10101	10518	7216	8701	7693	11905	5936	4626	9703	7605	6169	7233
6.01	3032	3306	3423	3877	3295	4312	3681	4357	4628	2884	3396	3085	3922	2234	4290	745	4462	3061	2879	3486	3428	3314	2570	3374	3231	3860	2856	2720	3297	3777	3025	3923	3579	3589	2901	3530
5.19	4292	3786	4266	5060	5506	6940	7493	7680	7851	4396	5819	4328	7072	3941	8726	4691	7881	4781	6121	5491	5744	5428	5557	6657	5392	7779	4340	4830	5540	5444	5295	9009	7327	7847	6897	8036
6.14	5151	3685	3927	4487	2899	4647	2978	4349	3948	3851	3533	4524	4097	3333	4249	3424	5556	3716	4459	4954	4975	4524	5019	4503	4263	4464	4448	5148	3818	5426	4224	5991	6034	4663	4701	5594
5.43	6534	5477	5368	8446	6258	10055	5193	7722	8011	5277	6265	4161	5506	5503	7671	9522	12316	4202	4739	7972	7913	2545	6147	5546	6072	7782	3891	3290	5271	7414	4401	6883	6507	5997	5140	6739
5.69	8455	9050	9360	9284	6546	7432	7199	7647	8168	9755	7438	11440	9690	6531	10262	8466	9860	12675	14249	15733	14979	13482	15816	12859	12536	15547	9985	13098	14826	13267	11164	13974	15392	15666	13001	14472
4.92	7485	8123	8626	10108	8118	11339	7905	10565	8271	7997	7528	8126	8412	6696	11604	6133	13092	7065	8168	7804	10665	6992	6743	6616	9570	8113	7250	7074	7683	10617	6775	6374	7013	8027	5683	5807
5.36	7579	1829	1103	5976	4824	5695	4885	5979	1114	5006	534	6099	588	1564	6247	6162	7104	9792	687	1524	11120	2791	2871	558	9125	7773	9348	3047	10542	1311	7649	1952	13280	8960	2401	10803
4.50	32703	44947	39990	45386	27159	27839	29449	32740	31110	45816	42786	57135	47421	35488	37358	46374	40603	33686	29232	41945	46905	34215	32824	29721	35992	25335	39622	39585	35667	35341	34709	38358	33127	31058	24729	30756
4.15	8995	10780	12438	11776	8824	8932	8087	10367	10325	9775	16249	11497	13962	8294	11449	10279	12851	8145	8554	10827	9669	8101	5874	7349	7166	6733	5812	5591	7279	5680	4698	6508	5488	5651	4848	5660
4.65	6778	7483	8936	7592	5275	6784	4210	6309	7135	9552	9774	11294	12824	8191	12151	8309	10967	17709	14258	18419	17397	22842	12912	12675	11945	11286	9164	10649	16638	10710	9616	8179	11076	6448	9592	10140
3.75	6141	6309	6607	7476	6239	8358	7232	8054	7888	8768	6448	9449	9697	9183	12579	12033	11918	7075	8065	8336	8718	7521	14829	9775	12667	10390	7075	8364	8358	7447	5790	7782	9752	7073	7645	6876
3.48	5718	5872	7522	5848	6007	6154	4880	6815	8380	7647	12330	7194	10167	7379	15922	7533	12726	10252	12985	13863	11739	14684	15889	14514	11149	17817	11159	13935	17128	11899	11269	14170	16769	11746	17039	15391
3.38	31509	23646	23269	27895	28889	37074	26840	27305	32217	17894	40639	18245	23661	15370	20531	15082	19996	26824	26640	35437	27025	31671	36174	31154	24672	24159	26813	28020	30220	20413	21383	22281	16973	13590	17236	16676
3.68	2638	3583	3821	4801	2884	1947	3431	3127	3122	4459	6743	6001	4764	2470	4454	7458	4292	4424	8241	9013	6015	4389	3762	4645	4897	5674	4811	3375	5535	4244	3804	3393	3992	2417	3491	3121
3.85	6633	6568	6040	9332	9278	9980	12056	11360	9277	8928	5209	9732	9364	8263	14541	8591	14908	3296	5992	6065	4992	5315	5696	5391	4881	4763	3917	3296	3811	5389	3711	8367	8972	4402	7199	4971
4.43	6339	6925	7619	6902	6028	7333	5802	6105	6537	6380	5939	7021	6680	4774	8799	7303	8391	7053	7028	7696	9593	7506	6087	6653	8323	6739	6662	7286	6694	9534	7004	8541	6808	8179	6238	6585
5.52	5722	4812	4826	2726	5516	4086	1477	4177	287	858	3555	5949	4979	7822	4464	3385	3967	2947	3500	8761	8114	1898	4307	1672	6800	5443	17302	5208	1928	8239	3988	8321	4145	1758	3930	6346
5.79	4202	2578	2542	3450	2387	3446	2413	4013	3121	2719	2362	2898	3083	2627	3584	3446	4265	2695	799	3107	3569	2652	3213	3442	3255	3310	3271	3241	2757	3405	2459	3730	3563	2863	2628	3390
4.51	11017	14673	15762	17956	20993	22536	17869	25722	26747	22617	17956	22606	21382	16988	28736	34023	30101	20796	27774	24836	25113	14459	21018	18506	20736	21714	20904	24492	24908	29325	19484	17931	23684	21017	19888	20787
5.25	7571	8274	7783	11940	10044	12746	10604	11437	11259	7048	5754	7495	8615	8312	10553	15925	14836	337	371	4648	7389	2862	69	4475	7976	3496	129	3610	302	4884	2650	3114	2716	311	369	2209
4.55	17115	16301	18719	22516	17468	21318	14881	16297	19359	11163	11720	12107	12544	10652	13265	16674	19278	13013	13939	12785	18712	11090	9073	9819	15013	8288	12440	13358	12481	16205	10855	8455	6538	8078	6823	7613
4.29	6553	9208	10205	14010	16837	15292	13600	17362	17053	12166	12473	12416	12466	11979	17747	20193	21058	9185	11361	10238	12438	6628	9726	8624	11381	7639	8034	9806	7771	12498	7165	5391	9299	7101	5770	5835
4.30	4099	3359	3585	5737	3732	5474	3261	3127	3572	2939	2326	3226	2779	2803	3848	3267	4563	3100	3422	3320	4943	2859	2533	2265	3929	2618	2580	2862	2987	3261	2393	2603	2486	1929	2396	571
7.05	7174	6282	9814	13306	6731	8276	6175	10480	9517	10630	9163	7222	12369	4951	9997	11910	10586	7922	8918	12024	10014	10296	7691	11606	12964	11138	9983	6880	15673	10308	8503	5588	11007	6962	6750	10688
'
{
input = gsub("\r","",input)
cfile = strsplit(input,"\n")[[1]]
df1 = as.data.frame(do.call(rbind,lapply(cfile,function(x){strsplit(x,"\t")[[1]]})),stringsAsFactors = F)
p = t(df1[1:(row_start-1),1:ncol(df1)])
colnames(p) = p[1,]
p = cbind(data.frame("sample label" = c(1,as.character(df1[row_start,(1+1):ncol(df1)])),check.names = FALSE,
stringsAsFactors = F),
p,stringsAsFactors=F)[-1,]
rownames(p) = df1[row_start,(1+1):ncol(df1)]
p = data.frame(p,stringsAsFactors = F,check.names = F)
f = data.frame(df1[(row_start+1):nrow(df1),1])
colnames(f) = "compound label"
f[[1]] = make.names(f[[1]],unique = T)
e = df1[(row_start+1):nrow(df1),2:ncol(df1)]
e = apply(e,2,as.numeric)
colnames(e) = p$`sample label`
rownames(e) = f$`compound label`
}
row_start = 3
