time	0h	0h	0h	0h	0h	0h	0h	0h	0h	4h	4h	4h	4h	4h	4h	4h	4h	12h	12h	12h	12h	12h	12h	12h	12h	12h	24h	24h	24h	24h	24h	24h	24h	24h
treatment	RT	RT	RT	RT	C	C	C	C	C	RT	RT	RT	RT	C	C	C	C	RT	RT	RT	RT	RT	C	C	C	C	RT	RT	RT	RT	C	C	C	C
label	RT 0HR 1_001	RT 0HR 2_002	RT 0HR 3_003	RT 0HR 4_004	30 C 0HR 1_005	30 C 0HR 2_006	30 C 0HR 3_007	30 C OHR 4_008	30 C OHR 5_009	RT 4HR 1_010	RT 4HR 2_011	RT 4HR 3_012	RT 4HR 4_013	30 C 4 HR 4_017	30 C 4HR 1_014	30 C 4HR 2_015	30 C 4HR 3_016	RT 12 HR 1_018	RT 12 HR 2_019	RT 12 HR 3_020	RT 12 HR 4_021	RT 12 HR 5_022	30 C 12 HR 1_023	30 C 12 HR 2_024	30 C 12 HR 3_025	30 C 12 HR 4_026	RT 24 HR 3_029	RT 24 HR 4_030	RT 24HR 1_027	RT 24HR 2_028	30 C 24HR 1_031	30 C 24HR 2_032	30 C 24HR 3_033	30 C 24HR 4_034
zymosterol	0.999656571	0.620669745	0.042033185	0.938200104	0.364555686	0.022094132	0.899561049	0.601323751	0.269048459	0.430607445	0.281390878	0.018184994	0.056198123	0.721991609	0.299353872	0.157902847	0.076582137	0.883938987	0.403119302	0.489876309	0.579933031	0.269613006	0.978192253	0.342081686	0.502940645	0.543637841	0.654142985	0.514797102	0.787714383	0.687676286	0.117570324	0.818744361	0.425593652	0.673911662
xylulose NIST	0.732645723	0.986768882	0.238639446	0.425466437	0.459812771	0.510113528	0.040759082	0.15282482	0.79240713	0.140330158	0.464890847	0.119817075	0.560043666	0.68190572	0.518171712	0.085963642	0.0268425	0.216047013	0.797857076	0.040605345	0.492281562	0.28886229	0.637243018	0.215034337	0.722947322	0.053456215	0.907145412	0.35037957	0.538241752	0.319263925	0.525374728	0.21358433	0.46227667	0.220319379
xylose	0.26352052	0.942575923	0.988423759	0.753075383	0.869738647	0.883059393	0.114105147	0.885474184	0.54609541	0.414444438	0.026683794	0.284081855	0.749789044	0.637771089	0.981843795	0.153670184	0.802832258	0.631145816	0.181149136	0.333006174	0.559257764	0.491738614	0.708325987	0.018029116	0.654235834	0.590666317	0.194882513	0.399745469	0.467271968	0.06292479	0.08943975	0.334496999	0.529739529	0.260752517
xylonic acid isomer	0.215879443	0.818752195	0.990063306	0.161058368	0.664120762	0.906621962	0.426597477	0.505981663	0.240523164	0.819625729	0.639061992	0.019496628	0.778408645	0.174013694	0.499871465	0.259420245	0.332042252	0.07225088	0.861875632	0.783765179	0.738158546	0.051681875	0.324122245	0.051280167	0.545693409	0.961003127	0.750789951	0.348166105	0.40906945	0.156716222	0.986635382	0.262447295	0.501521514	0.260489472
xylitol	0.814315932	0.529301214	0.198827546	0.613641888	0.580764507	0.287300708	0.774655344	0.157529493	0.618651613	0.668744191	0.708744485	0.135772717	0.865192256	0.200409791	0.848062591	0.285140628	0.126522047	0.79838088	0.429144251	0.641001662	0.9160487	0.672768096	0.384828244	0.163733752	0.313000745	0.92751138	0.05061115	0.308641063	0.158629668	0.091926624	0.137222722	0.230323954	0.421767949	0.42613246
valine	0.259578332	0.059606018	0.022877696	0.074317422	0.039327767	0.352005366	0.752577197	0.403352858	0.24804868	0.636467316	0.72293114	0.400086908	0.591751939	0.806807175	0.154469671	0.092851812	0.968932546	0.849495596	0.582805872	0.950094208	0.82324416	0.474994146	0.865497101	0.66593146	0.760898301	0.195433538	0.013495526	0.304782179	0.945686782	0.986724829	0.134241638	0.584127937	0.621883843	0.184467415
uric acid	0.710217089	0.633512746	0.04368992	0.99808341	0.786425237	0.957290713	0.657421579	0.567053705	0.247838205	0.846441623	0.003165387	0.89078735	0.676400097	0.67906538	0.41700288	0.106143974	0.662703221	0.442499641	0.206791838	0.823211814	0.819418398	0.147779495	0.986526529	0.755439358	0.946864392	0.771909513	0.39969164	0.074561407	0.44525885	0.804695688	0.212885736	0.971778087	0.746255299	0.849149645
urea	0.543536396	0.64248393	0.730906899	0.120112292	0.853488584	0.493183762	0.951596979	0.581468806	0.164308123	0.772730898	0.765461679	0.358624828	0.535863677	0.922578732	0.987005476	0.299794997	0.833704228	0.525494462	0.440147112	0.56673689	0.813282411	0.144462693	0.353096042	0.918996867	0.3635788	0.307800921	0.823261591	0.001751549	0.990127521	0.156966283	0.743763624	0.129587949	0.983910296	0.541354642
uracil	0.635863607	0.613166957	0.076396198	0.954930564	0.855238002	0.861646381	0.078298979	0.558486852	0.131628456	0.322594782	0.221319296	0.838912461	0.346288722	0.720009144	0.383401171	0.066295075	0.501687158	0.908665779	0.059432552	0.900360864	0.013667364	0.535291883	0.255016433	0.005649655	0.412505564	0.636728815	0.854868018	0.314787774	0.660710667	0.866666153	0.179953995	0.324747411	0.381810812	0.006830827
UDP-glucuronic acid	0.496925494	0.144791498	0.20230271	0.398439629	0.294203787	0.870692556	0.747009998	0.97551203	0.923886455	0.211560854	0.804365931	0.3642905	0.77682009	0.499157584	0.174044738	0.956464338	0.329185886	0.534053706	0.678977698	0.173629261	0.344305312	0.163252736	0.227210939	0.378241992	0.101154387	0.147990051	0.700014323	0.109593472	0.633465991	0.192212503	0.997579871	0.993077699	0.892744382	0.312175586
tyrosine	0.957567053	0.623194628	0.525971884	0.65402356	0.985050525	0.491073576	0.254747906	0.153153524	0.705935257	0.993713974	0.265693267	0.935951906	0.258944261	0.305435104	0.283360395	0.263770171	0.016541809	0.855960752	0.93658413	0.366642927	0.243368441	0.091787352	0.226512694	0.229677677	0.149613574	0.752413629	0.535376134	0.398467697	0.61969596	0.289017592	0.756082506	0.698390683	0.95834437	0.035256162
tryptophan	0.977842803	0.716847165	0.833785115	0.355767805	0.735791397	0.743684324	0.687091858	0.654988231	0.617736175	0.597052399	0.680725894	0.022081347	0.988042454	0.261061305	0.933819763	0.892608753	0.127555162	0.911434701	0.490707606	0.650869187	0.861839043	0.792578846	0.53675091	0.668527799	0.604381245	0.187136969	0.028846064	0.675498749	0.317933794	0.763792815	0.381405003	0.804107036	0.722599233	0.017230816
trans-4-hydroxyproline	0.358020263	0.190635688	0.792797554	0.511598206	0.758569028	0.667355477	0.984268457	0.199330297	0.691748738	0.276531181	0.856018209	0.215885018	0.287478873	0.334474015	0.707886054	0.591426223	0.343179925	0.038015753	0.3988974	0.915719258	0.838756252	0.448935034	0.133003743	0.070941701	0.953817001	0.199121192	0.251731315	0.198427299	0.317465798	0.998997046	0.799196004	0.351165018	0.405352016	0.894785668
tocopherol alpha-	0.781825928	0.662564007	0.709887158	0.997540875	0.813870063	0.623170037	0.17864131	0.578352049	0.634385308	0.720647495	0.960482968	0.45066008	0.832747888	0.46593925	0.678022146	0.781870924	0.545831998	0.935881009	0.615965273	0.151437555	0.900359897	0.527204861	0.067439826	0.143293245	0.595784633	0.835442351	0.385471394	0.346166886	0.648896743	0.471348148	0.146902872	0.18244787	0.654743894	0.425766452
thymine	0.77806944	0.046525237	0.003237692	0.3014965	0.384838284	0.016972094	0.127440051	0.20399132	0.719904801	0.279000438	0.98290274	0.822478592	0.288962187	0.211704473	0.760778482	0.995970275	0.660143361	0.392189215	0.561068314	0.532074807	0.775218296	0.566554986	0.026394721	0.9505675	0.732320738	0.969379199	0.169982553	0.693400597	0.036753712	0.479082625	0.690394838	0.639074379	0.311086257	0.767502141
thymidine	0.472042078	0.317967022	0.526333267	0.793456249	0.200596702	0.47798165	0.229552878	0.832439244	0.611709539	0.937135185	0.685418999	0.317404546	0.595006895	0.989303083	0.284911745	0.885713655	0.680295272	0.825689718	0.033114346	0.401401123	0.662481733	0.645636577	0.112763702	0.861335756	0.85788018	0.290382591	0.404696554	0.628690764	0.392483593	0.736011073	0.462741829	0.720825738	0.580123415	0.768476772
threonine	0.701156054	0.865051497	0.758633793	0.199392199	0.198748776	0.722671328	0.049210613	0.333143902	0.845099115	0.286706443	0.257842647	0.517929416	0.186098554	0.755366985	0.717698329	0.348183295	0.43768767	0.646124132	0.26105961	0.453915899	0.430781696	0.787172977	0.432149905	0.522933664	0.284008086	0.965738226	0.306718037	0.523857727	0.372535878	0.206162502	0.711080904	0.193243239	0.515003055	0.817013899
threonic acid	0.460010396	0.785245828	0.624500622	0.328501599	0.556736448	0.625503521	0.957573102	0.665387459	0.809755063	0.227605379	0.109709549	0.606626736	0.740944641	0.649294181	0.927663647	0.021507947	0.955809453	0.857542875	0.543258386	0.581458235	0.614489321	0.302187411	0.256829081	0.249122911	0.60176433	0.173536255	0.919885273	0.00727801	0.394718441	0.188575495	0.466014909	0.638921117	0.277815215	0.485632402
taurine	0.385179113	0.174006253	0.340229211	0.983210302	0.339194726	0.263329265	0.606242026	0.641392166	0.377935163	0.764201702	0.422602821	0.419251103	0.826385342	0.146457424	0.56905593	0.208436019	0.983875735	0.246590785	0.469597308	0.817052094	0.27743692	0.423127412	0.479459323	0.443903283	0.731748608	0.39898197	0.617445717	0.191314355	0.810444591	0.697394329	0.879783033	0.912796486	0.772217933	0.11173618
sulfuric acid	0.59133311	0.60040805	0.75241035	0.330776674	0.64755402	0.174934718	0.273069379	0.892916269	0.245812628	0.889233344	0.562860465	0.761578248	0.371535865	0.471729894	0.628369984	0.620548961	0.651256326	0.69177252	0.419916643	0.688125943	0.120943586	0.980905044	0.744370839	0.909287	0.698353563	0.257317365	0.114367312	0.632194538	0.408225701	0.150196703	0.091627834	0.269736814	0.339125675	0.599428049
