lactamide	1723	2272	1339	909	1248	1135	951	1289	1175	1451	564	1279	2022	1487	1230	1992	2413	880	712	582	1384	809	1803	906	679	953	476	747	553	546	1065	845	1022	971
C01718	kynurenine	452	531	437	337	254	392	240	251	276	326	219	446	364	419	392	163	244	617	430	437	331	522	916	638	730	651	1986	783	615	1403	1539	933	1872	1171
C00490	itaconic acid	3301	3365	4800	5186	4001	4984	2777	4100	5289	7337	7247	7621	6898	7041	9450	7078	6898	7374	6331	7580	8268	7506	6016	4752	1969	11343	9422	10379	6266	7595	14189	10973	9976	9658
C00639	isothreonic acid	585	755	695	578	911	791	691	800	809	573	1392	1743	1180	1230	1759	1745	1598	3504	2493	4399	3049	1299	4084	4406	4731	4558	9223	4693	4736	6252	11197	6451	9747	8298
C16884	isothreitol	290	248	260	150	424	289	280	201	226	317	334	332	324	394	399	386	369	620	367	666	389	441	712	739	601	729	711	624	867	973	1439	775	1624	1144
C00407	isoleucine	101466	79546	90190	97400	120236	127339	106796	95064	90955	88355	83369	79546	113716	50864	50103	45813	62677	60242	85340	133516	50607	60347	62632	48194	63317	73248	51817	34075	72503	55789	40403	41565	51596	28950
isohexonic acid	562	563	234	476	910	256	346	483	423	646	256	921	665	873	924	837	589	2407	1391	238	2504	2603	2923	3378	3158	4433	5108	3286	3391	6275	5949	3545	5056	5694
C00451	isocitric acid	1013	2176	1759	1637	2316	1437	1677	2027	1452	2678	3278	2454	2612	2415	2278	2838	2377	5733	5976	5516	3290	3675	8315	8874	8015	12030	4774	15151	6599	4638	3830	2103	5618	5406
C00294	inosine	375	891	497	179	107	127	66	99	112	237	96	73	121	159	86	125	145	161	86	185	88	104	99	79	110	107	96	94	97	137	89	97	88	172
indoxyl sulfate	1454	1420	1113	723	2347	3507	1378	1251	2305	676	638	657	873	1356	2029	1947	1393	2511	1318	2014	1794	1953	2155	2106	1706	2719	2771	3088	3106	5239	9428	5803	1428	7411
C02043	indole-3-lactate	3118	3258	2331	1631	3187	4339	2288	2705	2425	1913	4611	4287	4273	4609	4008	3206	4184	12941	9969	12085	9232	13189	15873	11547	11536	12039	19678	13731	13279	20630	11110	9475	13706	10285
C00954	indole-3-acetate	1392	1436	1335	987	2593	4244	2004	2155	3024	1128	1079	1119	1484	1629	814	950	1412	2338	1245	1111	1443	1850	1494	1562	1554	1645	3718	2020	1297	3293	2328	3048	3610	2260
C00192	hydroxylamine	59219	58368	75894	77656	65993	82577	56315	27754	62734	82335	74756	100297	69214	47291	103436	88902	65023	74708	44142	88503	85830	55176	60864	75297	78876	68271	74990	84917	99767	72197	91696	101123	43517	109172
hydroxycarbamate NIST	14002	14414	18354	22654	18870	16025	13841	6130	15680	20472	15203	27647	20007	9017	21795	19197	16673	13212	8449	17522	13999	12158	9862	11985	16365	12072	8685	11644	17515	10201	15504	16381	6744	14745
C05629	hydrocinnamic acid	1581	2767	2777	926	4271	1951	3863	3629	4114	556	766	777	1259	1149	657	622	857	666	601	360	480	389	632	681	464	290	527	384	318	351	205	383	337	305
C00135	histidine	35645	21719	31555	22941	24365	35078	25415	28208	24402	41253	11361	32537	30392	38210	34659	23113	30338	24575	16640	21913	13474	22533	17377	7938	14475	20455	35609	34639	40151	38712	31966	15471	27743	18555
hexuronic acid	1614	4560	4380	3888	6007	4834	5204	5146	5029	6978	9048	5825	7145	7718	8556	8745	5471	26020	20379	26722	23811	26162	22856	24852	20930	27452	62374	42333	39302	41638	35707	22484	43128	39065
C00738	hexose	14909	19542	24841	102	20737	18905	17921	19608	20248	26239	21972	30352	27400	28160	28022	270	25742	22607	71372	12724	15299	18713	10139	13792	18395	9997	18818	13725	18666	19674	13434	22402	16739	14614
C00392	hexitol	1522	2118	1859	1291	3925	2731	2107	2452	1442	1345	1159	1403	2937	1115	3549	1827	4031	5476	3756	4045	4070	4343	5026	5149	359	5278	10851	5558	5993	9195	1704	1779	5870	6315
hexadecane	4279	8111	2483	6699	4066	4121	5956	3895	3122	5146	5627	4046	7740	4147	5011	5749	3038	2852	3133	8434	2300	7991	2034	4476	2927	3231	3286	4870	5398	3411	2884	4904	4137	3415
heptadecanoic acid	2084	1583	2238	2440	3242	3178	2835	3478	5002	4092	5244	4908	4024	5372	5968	4625	4783	4935	3730	3896	2486	3491	4581	4536	5219	3834	5441	3688	4398	3399	6552	4705	4278	5811
glycyl proline	376	319	525	397	562	417	407	486	344	274	176	136	195	291	320	374	269	195	185	200	208	378	637	568	249	744	935	503	351	888	1991	1341	3574	3646
C00160	glycolic acid	11237	9292	10898	9653	17438	9824	8014	8856	9243	6762	7052	1211	7996	7752	9981	6894	12089	2770	2255	2637	2635	2498	2818	3489	3596	2795	2982	1987	1437	2193	5647	4879	4893	4764
C00037	glycine	82427	76060	78460	72644	96715	75216	77525	117023	64146	61693	83560	60298	61188	54260	62969	66020	60058	77733	56423	76307	89897	77495	71889	68112	67494	74216	77247	90961	75143	63128	79132	82177	67612	61062
C03189	glycerol-alpha-phosphate	3004	4030	2365	2705	4340	2623	2466	1662	1837	5390	4322	5621	6048	4869	6922	5791	6475	6061	5291	3286	5567	5842	3668	3911	4912	3840	3830	2255	2900	3332	3717	4172	4069	4119
C00116	glycerol	140962	192742	165824	176444	165672	139126	87803	119561	166385	311480	205528	280627	315940	212764	326059	249121	325062	187861	196177	190190	144457	132775	282533	250422	248309	272994	178308	265931	199152	184282	283506	223762	139138	178417
C00258	glyceric acid	4220	3743	2163	2734	5219	4002	2655	160	3730	7503	5515	7569	6220	5511	7632	9975	6647	5055	3692	4897	2956	3696	2069	918	5219	1953	2917	1775	3306	2767	1061	5689	1442	3087
C00489	glutaric acid	255	207	262	194	415	560	240	291	209	315	277	215	203	292	289	208	186	273	270	254	187	315	453	397	371	240	410	232	507	324	1203	742	521	1183
C00064	glutamine	227322	190252	284294	195423	153249	189493	111184	202014	120388	278405	59904	155621	142090	220748	161479	131058	142039	119683	70677	76985	37332	113534	116369	62537	93070	165842	167140	227622	189054	154579	216954	99319	145593	128915
C00025	glutamic acid	7984	10128	6810	6337	7546	5027	8226	5299	4552	4545	6868	7005	9211	5742	8408	7285	8035	8596	12194	6184	8673	8250	5252	4444	8291	3681	9444	8176	5627	7426	5481	4680	6954	5809
C00092	glucose-6-phosphate	152	764	137	130	981	106	432	125	126	234	137	219	1749	358	246	671	1060	189	2897	135	1285	398	963	820	1528	563	143	594	82	134	664	309	315	157
C00103	glucose-1-phosphate	1626	1455	2085	598	1495	1595	1208	390	1123	2101	267	1924	1795	1844	1980	1817	1930	2326	1464	2177	1861	2250	2153	2218	2583	2505	1459	2457	2669	3499	4213	2859	1565	4019
C00221	glucose	876324	945216	956497	1001641	262464	859743	1053135	993709	1070045	822762	594890	913269	257814	1114441	884574	921917	953773	208020	556799	408473	583509	508634	205832	349802	442960	195569	455388	388678	584342	546016	233106	525395	335062	284187
C00800	gluconic acid	308	214	233	281	279	203	237	154	117	308	819	233	348	375	297	428	289	358	1850	286	147	343	339	319	269	339	716	562	401	512	549	396	681	446
C02076	glucoheptulose	895	895	868	719	1334	1276	1340	1126	1200	740	776	721	915	703	828	493	896	2441	1496	229	1623	1414	1466	2152	2175	2050	4042	2727	1947	2725	2590	1749	3176	1969
C08348	galacturonic acid	2127	2166	2250	2048	2806	1981	3038	649	2922	2724	2681	3011	3943	3641	2874	3127	3161	9881	8755	9088	12972	13462	10907	12630	10631	13845	29076	10819	16444	19445	18263	12500	20973	18914
C00880	galactonic acid	427	503	334	435	584	615	284	174	345	273	2394	285	368	347	508	533	470	315	5700	501	8699	583	621	576	541	210	1091	466	452	722	628	665	509	917
C00122	fumaric acid	3086	3395	3560	3355	7660	7040	8133	4014	5754	5291	6510	5695	4896	3060	5840	19511	5078	3404	3878	3090	5267	3125	6271	7025	4123	8218	2952	5527	3884	2100	5411	4276	3487	5160
C02095	fucose	3544	3443	3328	3295	4826	3533	3894	3363	4520	5485	4959	5003	5578	6575	5923	6103	5213	12708	9633	12328	9763	12382	14333	14615	11730	15060	28401	17390	19949	17089	62409	34298	47759	61861
C02336	fructose	4890	2056	1843	1500	2235	1763	2467	1437	1328	1264	1562	2212	2345	2629	2839	3196	2375	1855	1062	2590	910	667	876	951	1648	964	1585	1198	1942	1339	1037	1206	1128	1209
C00189	ethanolamine	9225	11071	10374	12470	14461	10827	7746	7523	9962	11461	11563	13248	10981	8331	10949	9115	10417	7756	6976	10506	32492	6184	9560	7175	9994	12197	59281	36153	39083	53659	39537	50750	45405	61737
C06429	docosahexaenoic acid	732	1291	1048	970	994	1335	752	907	1439	3448	2086	3329	3234	2814	3665	2754	3501	3991	1830	2771	2086	2492	5194	3618	4402	3447	1840	2200	2863	1765	2139	2697	1660	1510
deoxypentitol	248	390	269	252	349	286	261	232	170	538	421	526	468	424	499	432	430	1020	803	1323	936	1232	204	1033	1212	1501	1684	1787	1238	1841	2704	1910	2859	2461
C05422	dehydroascorbic acid	581	960	694	1028	727	589	1276	803	616	759	681	791	713	804	710	697	884	1229	1014	1174	2392	2000	1287	1268	1015	1781	1825	1081	1322	1375	1433	1735	3140	1318
C01420	cystine	5527	4883	6877	7581	2323	4819	4024	8824	5945	4190	1483	2732	4061	6670	2591	5514	4556	2045	1822	4095	1079	2366	1071	637	679	1127	6964	7459	7368	6345	1652	1577	2675	1573
C00097	cysteine	3243	4349	3791	4226	2916	3189	2038	4367	2475	1758	623	2471	2579	1485	1681	1564	3678	754	475	674	338	710	273	216	335	334	959	500	348	623	446	303	560	295
C00791	creatinine	8304	11472	7451	10192	12606	7281	4606	11301	5160	9091	5526	10434	10104	15060	10069	7035	10989	10211	10178	7312	3511	13845	9239	8334	8654	8329	25372	19717	9456	23715	15688	10146	33104	25956
conduritol-beta-expoxide	4741	4416	2923	3182	6628	4816	4394	5177	3085	2221	1878	2664	3427	3498	4812	2781	3964	4783	3409	10632	2932	3495	4503	4749	5832	4801	9507	4275	5212	7567	6104	4199	5793	5234
C00327	citrulline	7631	5721	7458	8060	7620	10110	6573	5304	5559	2489	2534	4066	4499	4339	3970	4625	3359	2238	2428	1952	1529	3279	3538	2819	2359	4455	2545	7686	5101	2341	3599	4182	3109	3959
C00158	citric acid	92621	126112	104027	100880	133170	119701	101464	134106	107122	150843	189934	150993	160621	136628	151674	158953	153456	310727	351259	312184	193915	208993	551053	575073	451343	709259	252527	867265	400058	245275	220025	126630	321237	287406
C16526	cis-gondoic acid	129	197	135	77	195	220	135	263	231	320	302	313	458	421	484	324	476	283	216	165	184	241	317	270	319	182	317	170	207	240	293	228	241	417
C05463	cholic acid	422	385	586	659	395	678	798	1314	590	329	618	182	199	246	174	183	141	180	138	231	321	198	402	569	386	216	229	2112	272	321	510	167	446	876
C00187	cholesterol	79307	92747	97784	94370	129778	123490	97714	115089	89479	150271	103331	143924	168430	155101	141487	166655	146635	196311	134656	127859	126854	156569	134099	132820	155668	116757	184033	123989	129552	204320	184076	174992	193016	199873
C01571	capric acid	1089	351	506	531	426	462	395	400	449	968	603	979	1300	1296	795	683	504	700	708	910	494	614	600	667	514	915	850	575	854	1011	628	674	601	524
C03046	butane-2,3-diol NIST	1502	2391	689	1033	1227	1562	1157	1158	673	1004	931	441	625	678	400	878	674	808	817	735	592	466	571	446	501	460	1192	918	384	813	441	322	1328	1171
C01468	benzylalcohol	478	319	363	373	514	444	242	387	294	798	832	502	850	1030	1009	2144	598	1543	777	800	574	1150	3509	8784	2652	6297	7367	6454	6607	7705	26040	14807	6003	9884
C00180	benzoic acid	34179	6225	37841	38012	44650	37314	29467	25862	31789	49009	51506	55440	50417	39084	48019	44110	46730	50587	33859	40926	26821	34095	28210	29584	38904	28515	32376	30448	33914	33947	31765	31470	27640	34044
C08281	behenic acid	958	1127	1081	1032	1130	881	1078	959	1225	1181	1093	1009	1081	988	1100	1391	954	1382	636	876	784	826	781	702	1120	850	1211	746	658	671	1102	915	975	926
C00049	aspartic acid	4928	5679	4421	3678	4333	2164	3240	2371	2254	2135	1322	2627	3104	2526	2722	2091	3042	1799	1330	1364	1574	1567	1121	925	1569	954	1993	1103	1044	1560	1797	1194	1505	1002
C00152	asparagine	3511	2511	3414	3005	5002	3976	4448	5800	4574	1522	1803	1683	1559	1999	1833	1447	1796	987	1732	2074	1894	1647	1928	1131	1401	2155	2419	2720	2124	2351	2324	2064	2188	1853
C00219	arachidonic acid	2300	2703	2346	2405	3789	3107	1985	2507	3046	8362	6589	7122	7741	7606	8187	4771	6244	6737	5116	3915	3795	5133	5554	4172	5564	3697	5442	3776	5175	4946	5368	5255	2803	3312
C06425	arachidic acid	2037	1825	1816	2176	2159	2289	1718	2748	2688	2459	1982	2743	2827	1961	3354	2300	1657	2669	1390	2382	1598	1478	1605	2745	3185	1731	3236	1460	1655	1654	2312	2538	1852	2177
C00216	arabinose	2624	2143	2329	1481	14192	4065	8161	3391	5805	8578	7509	14797	17051	9920	11238	8796	13124	3148	4261	3659	2121	2351	3659	3825	2765	3583	3068	2043	1939	2236	2810	2614	4515	3107
C00872	aminomalonate	2278	3327	4676	6375	4994	3781	3919	2751	4082	2885	1332	3740	2670	1325	3174	2749	2933	1741	1351	1412	1703	2214	1280	1704	1665	1463	1298	1857	1607	1441	1864	2194	1648	1917
C00026	alpha-ketoglutarate	3961	4529	3593	2615	6619	6011	4120	5111	4586	1563	5999	2788	557	5300	6962	5299	7119	1321	1250	410	957	1172	4896	4694	3080	6255	569	4182	1160	772	2738	980	2984	4017
C00956	alpha-aminoadipic acid	1532	1337	1330	1052	1455	1257	1199	1779	896	621	733	818	704	842	795	408	554	3875	1333	1824	2835	13968	1925	948	1287	4488	8364	3495	5218	7994	11353	12280	17036	11732
C00499	allantoic acid	5967	7726	8649	8408	11557	5866	6189	9889	10112	12566	20002	10817	13159	12632	11241	11060	9140	35109	23255	28518	18565	29761	32754	25019	29690	36771	78612	51622	39572	55462	69531	34369	74868	57759
C00041	alanine	475737	339633	356508	322412	693521	487722	735989	672277	689682	276277	207414	285395	350860	367565	336199	387615	423370	223868	214108	166810	377619	193015	201665	127467	119859	199858	221616	209773	214838	188535	162086	173387	132103	95642
C06104	adipic acid	978	1157	792	813	881	860	586	590	598	1009	1137	1005	1351	779	1106	813	949	1253	850	1189	784	1414	1206	1187	1396	1386	1454	1676	1110	1229	2139	1370	1658	2339
C00417	aconitic acid	371	251	256	509	810	492	506	669	228	278	507	294	279	352	480	221	367	504	420	543	434	551	1184	1049	676	1420	1210	1908	516	956	835	399	1272	901
C07113	acetophenone NIST	1756	2139	2242	1899	2283	2205	1139	1620	1643	2620	1796	2864	1799	2047	3445	1790	1975	2425	1417	1872	2026	2019	1577	1919	2255	1699	1627	1851	2089	1923	1985	2459	1647	2528
C05659	5-methoxytryptamine	9582	10849	11281	4134	19491	2094	14063	2442	5807	6317	919	12228	15083	6210	5745	3230	15300	405	775	1374	229	330	1752	1312	1570	1044	338	349	317	247	1505	1173	376	596
C05635	5-hydroxy-3-indoleacetic acid	380	315	260	298	546	361	302	334	278	494	549	515	597	655	538	694	697	1392	1251	1632	1214	1214	1836	1873	1437	2365	2946	2980	1920	2786	4066	1899	3495	3357
C00642	4-hydroxyphenylacetic acid	253	279	195	226	503	473	227	348	244	533	416	437	533	265	360	317	296	571	308	384	476	477	400	493	421	502	529	560	731	739	2796	1029	1891	3148
C00597	3-phosphoglycerate	203	360	271	155	257	208	171	148	101	687	547	167	468	335	561	249	395	308	448	309	253	333	340	391	483	291	275	351	250	271	255	266	193	195
C05593	3-hydroxyphenylacetic acid	127	142	139	114	125	218	140	119	94	170	201	143	176	167	157	153	118	146	123	163	74	43	35	153	147	74	137	163	135	104	143	133	209	144
C01089	3-hydroxybutyric acid	29124	91353	91948	82343	73502	89146	45273	140076	125511	214646	713902	184833	188857	54358	59706	47334	39906	520490	537592	662424	217776	630338	484589	622819	717014	605462	239527	233524	484341	307953	380031	617763	513367	544766
C03761	3-hydroxy-3-methylglutaric acid	140	163	259	123	173	112	128	135	111	258	330	139	184	131	171	217	137	273	151	317	211	163	383	239	125	598	161	415	313	282	670	445	740	1061
2-monoolein	794	1008	1502	798	2123	1692	2442	4157	1137	3048	2200	2170	3969	4609	3111	6110	4498	1535	1253	1265	1169	1353	3218	2302	1450	3611	640	591	845	635	6472	8718	2737	4679
C00233	2-ketoisocaproic acid	7915	9542	9989	5801	3658	8453	5388	3360	6996	5636	5987	6763	4664	5413	7055	5317	5998	4793	3389	6120	4397	4812	9449	4641	7113	7119	5190	6388	5746	4502	6641	6280	6278	5953
2-hydroxyvaleric acid	940	863	990	637	1229	1058	725	1293	1500	1115	2505	1115	1290	1101	1292	1801	1608	3134	2572	3792	2577	2413	1159	4236	4029	4158	3900	5084	4469	4626	7475	4175	4960	5452
C02630	2-hydroxyglutaric acid	591	655	533	457	752	850	815	784	439	620	1289	596	547	640	769	583	982	567	649	452	469	315	1410	1292	1133	1708	374	1250	453	256	1355	837	1168	1876
C05984	2-hydroxybutanoic acid	5518	10074	10222	8779	16221	22061	10902	19873	17146	49269	75071	30549	42222	21859	19275	25295	16491	97915	73507	86044	82581	107687	66158	74390	98806	93765	92172	64656	79563	96872	147998	165558	152339	173331
2-deoxytetronic acid	581	255	125	476	765	786	596	621	662	887	1843	2304	1716	449	516	1836	1906	5146	3262	6107	3659	5700	5981	6948	6862	7032	5871	5969	5831	6470	9153	7198	9650	9437
2-deoxypentitol NIST	185	200	298	149	274	242	166	242	235	710	796	468	374	306	458	503	324	766	600	836	454	728	1030	1044	1024	1554	700	1003	1218	704	1315	878	1679	1827
2,5-dihydroxypyrazine NIST	2687	3445	2661	2538	2051	1859	2223	1333	1566	2321	1404	3358	4350	1040	3291	4074	4465	444	2008	1585	511	2407	1439	1975	1069	2095	1199	1590	1939	1717	1743	1325	1619	1688
2,3-dihydroxybutanoic acid NIST	207	283	244	206	295	180	236	208	281	689	520	816	304	371	635	560	695	1045	682	1152	206	1516	1300	1543	1760	1237	1953	1343	1480	2083	2218	2800	1809	2714
C01885	1-monopalmitin	502	515	548	494	349	807	602	1075	1832	871	1754	600	2134	1065	777	1775	932	1502	945	517	1396	982	1636	1503	460	1739	885	798	987	898	2617	3344	1419	1695
1-monoolein	3609	201	4885	4346	14323	10367	11676	2431	44183	27494	19873	19229	38900	40852	28090	53396	37633	16830	11737	11019	10631	11857	33231	20714	15447	29273	5957	4690	7356	4773	56781	90759	26232	42334
1-methylgalactose NIST	8512	8395	1032	7608	25299	20993	17156	15976	18142	10130	6448	12080	8853	17875	16964	17361	16071	3597	3178	4313	2825	4095	8677	6793	7551	6611	5647	5272	4628	6170	9229	801	3986	6325
C02494	1-methyladenosine	108	111	121	98	106	165	96	135	64	108	180	99	173	155	105	165	107	236	208	222	223	253	307	325	266	346	806	478	595	513	961	400	947	723
C06105	1,2-cyclohexanedione	765	894	740	419	3375	1174	2450	1054	1496	2551	2061	3618	4031	2313	2813	2375	3330	1240	1273	1280	1007	1774	935	1978	600	4621	3646	3023	3350	2261	13284	8655	21606	20615
"
pacman::p_load(data.table,stringr)
input = gsub("\r","",input)
cfile = strsplit(input,"\n")[[1]]
substring(cfile[[1]],1,2)%in%"\t"
substring(cfile[[1]],1,2)
grepl("\t",substring(cfile[[1]],1,2))
input = "File Id	161207bOEsa18_1	161207bOEsa19_1	161207bOEsa26_1	161207bOEsa21_1	161207bOEsa13_1	161207bOEsa25_1	161207bOEsa20_1	161207bOEsa01_1	161207bOEsa24_1	161207bOEsa12_1	161207bOEsa03_1	161207bOEsa23_1	161207bOEsa17_1	161207bOEsa07_1	161207bOEsa29_1	161207bOEsa32_1	161207bOEsa14_1	161207bOEsa05_1	161207bOEsa08_1	161207bOEsa22_1	161207bOEsa30_1	161207bOEsa10_1	161207bOEsa09_1	161207bOEsa28_1	161207bOEsa11_1	161207bOEsa16_1	161207bOEsa02_1	161207bOEsa15_1	161207bOEsa27_1	161207bOEsa06_1	161207bOEsa33_1	161207bOEsa34_1	161207bOEsa04_1	161207bOEsa31_1
Mx Class	295365	295365	295365	295365	295371	295371	295371	295371	295371	295377	295377	295377	295377	295383	295383	295383	295383	295389	295389	295389	295389	295389	295395	295395	295395	295395	295401	295401	295401	295401	295407	295407	295407	295407
Mx Sample	295366	295367	295368	295369	295372	295373	295374	295375	295376	295378	295379	295380	295381	295387	295384	295385	295386	295390	295391	295392	295393	295394	295396	295397	295398	295399	295404	295405	295402	295403	295408	295409	295410	295411
Label	RT 0HR 1_001	RT 0HR 2_002	RT 0HR 3_003	RT 0HR 4_004	30 C 0HR 1_005	30 C 0HR 2_006	30 C 0HR 3_007	30 C OHR 4_008	30 C OHR 5_009	RT 4HR 1_010	RT 4HR 2_011	RT 4HR 3_012	RT 4HR 4_013	30 C 4 HR 4_017	30 C 4HR 1_014	30 C 4HR 2_015	30 C 4HR 3_016	RT 12 HR 1_018	RT 12 HR 2_019	RT 12 HR 3_020	RT 12 HR 4_021	RT 12 HR 5_022	30 C 12 HR 1_023	30 C 12 HR 2_024	30 C 12 HR 3_025	30 C 12 HR 4_026	RT 24 HR 3_029	RT 24 HR 4_030	RT 24HR 1_027	RT 24HR 2_028	30 C 24HR 1_031	30 C 24HR 2_032	30 C 24HR 3_033	30 C 24HR 4_034
Species	mouse	mouse	mouse	mouse	mouse	mouse	mouse	mouse	mouse	mouse	mouse	mouse	mouse	mouse	mouse	mouse	mouse	mouse	mouse	mouse	mouse	mouse	mouse	mouse	mouse	mouse	mouse	mouse	mouse	mouse	mouse	mouse	mouse	mouse
Organ	plasma	plasma	plasma	plasma	plasma	plasma	plasma	plasma	plasma	plasma	plasma	plasma	plasma	plasma	plasma	plasma	plasma	plasma	plasma	plasma	plasma	plasma	plasma	plasma	plasma	plasma	plasma	plasma	plasma	plasma	plasma	plasma	plasma	plasma
treatment	RT	RT	RT	RT	C	C	C	C	C	RT	RT	RT	RT	C	C	C	C	RT	RT	RT	RT	RT	C	C	C	C	RT	RT	RT	RT	C	C	C	C
time	0h	0h	0h	0h	0h	0h	0h	0h	0h	4h	4h	4h	4h	4h	4h	4h	4h	12h	12h	12h	12h	12h	12h	12h	12h	12h	24h	24h	24h	24h	24h	24h	24h	24h
Treatments	1 - RT 0 HR	1 - RT 0 HR	1 - RT 0 HR	1 - RT 0 HR	2 - 30 C 0HR	2 - 30 C 0HR	2 - 30 C 0HR	2 - 30 C 0HR	2 - 30 C 0HR	3 - RT 4 HR	3 - RT 4 HR	3 - RT 4 HR	3 - RT 4 HR	4 - 30 C 4HR	4 - 30 C 4HR	4 - 30 C 4HR	4 - 30 C 4HR	5 - RT 12 HR	5 - RT 12 HR	5 - RT 12 HR	5 - RT 12 HR	5 - RT 12 HR	6 - 30 C 12 HR	6 - 30 C 12 HR	6 - 30 C 12 HR	6 - 30 C 12 HR	7 - RT 24 HR	7 - RT 24 HR	7 - RT 24 HR	7 - RT 24 HR	8 - 30 C 24 HR	8 - 30 C 24 HR	8 - 30 C 24 HR	8 - 30 C 24 HR
label	RT 0HR 1_001	RT 0HR 2_002	RT 0HR 3_003	RT 0HR 4_004	30 C 0HR 1_005	30 C 0HR 2_006	30 C 0HR 3_007	30 C OHR 4_008	30 C OHR 5_009	RT 4HR 1_010	RT 4HR 2_011	RT 4HR 3_012	RT 4HR 4_013	30 C 4 HR 4_017	30 C 4HR 1_014	30 C 4HR 2_015	30 C 4HR 3_016	RT 12 HR 1_018	RT 12 HR 2_019	RT 12 HR 3_020	RT 12 HR 4_021	RT 12 HR 5_022	30 C 12 HR 1_023	30 C 12 HR 2_024	30 C 12 HR 3_025	30 C 12 HR 4_026	RT 24 HR 3_029	RT 24 HR 4_030	RT 24HR 1_027	RT 24HR 2_028	30 C 24HR 1_031	30 C 24HR 2_032	30 C 24HR 3_033	30 C 24HR 4_034
zymosterol	219	123	123	182	232	200	103	152	81	267	131	217	233	354	302	361	267	469	304	363	243	358	339	354	241	252	564	441	397	371	1324	776	1171	2123
xylulose NIST	372	563	444	371	872	678	616	479	587	843	627	731	1025	940	894	877	884	710	465	475	439	348	376	596	535	662	611	461	625	484	977	838	1394	1072
xylose	3938	6853	2796	2375	3564	3012	1619	2823	2711	3841	3959	4492	4373	4087	4919	4401	4182	6342	4500	7391	4692	5504	6709	7155	6423	8290	10758	9477	8193	9550	9743	7210	10948	10289
xylonic acid isomer	135	140	153	177	231	140	125	114	114	361	188	195	296	236	342	232	392	438	260	213	442	408	537	443	595	509	1028	398	576	724	677	466	1253	778
xylitol	500	566	495	681	548	642	681	683	926	1174	1958	1010	1258	1315	638	1074	814	1855	1706	1378	1672	2001	1396	1146	1165	1749	1773	1776	2015	1647	2079	2402	1977	2083
valine	254215	205480	216511	199483	284695	297035	224089	199810	192664	214122	198564	176958	260052	145667	144581	124959	151616	197039	223667	317486	150439	174511	189705	152931	168555	170248	159301	99994	236097	153714	101904	144259	134983	99542
uric acid	1931	2742	2041	1701	5510	3685	4315	3024	2987	5335	4757	6541	8461	4970	6379	4757	6574	4013	4891	3240	2967	3415	6968	4441	4416	5985	3508	8793	4762	3770	7830	4157	5096	4427
urea	551740	585423	586580	492229	734003	790961	452166	439498	398573	1203649	891015	951308	875493	959993	756240	962172	849134	1510094	988456	1015137	1066073	1169580	872078	1247807	1363693	1071830	1908182	20197	1394818	1919217	1843623	1798969	1620052	2080940
uracil	2193	2150	2966	4169	2318	2701	2189	2040	3200	2444	5239	5002	5468	4505	6657	5417	5142	2705	4012	4212	5115	4313	6675	3940	3480	8446	5791	4258	4930	4943	9108	6143	5519	5511
UDP-glucuronic acid	327	244	447	554	380	620	224	242	515	377	511	433	340	344	369	307	274	1109	742	989	898	670	735	1029	864	996	2050	966	2662	1543	1472	573	1885	1532
tyrosine	149905	111986	104815	107142	175810	168461	152394	125149	130701	54326	59190	57692	59913	50162	53840	48697	55145	54617	36815	42634	31076	57155	57433	41024	39508	48238	82205	108588	71125	70836	59121	47566	52254	51707
tryptophan	207712	199105	207403	219143	217163	202084	141489	144135	117574	128946	130735	172247	148627	191436	165085	135774	152838	99171	69756	56526	60012	89465	89494	76427	92140	68273	99832	46400	54078	107060	57266	79740	66111	41985
trans-4-hydroxyproline	4693	3411	3854	3585	8132	5248	5515	8406	6632	1972	6505	1562	6038	2154	823	5345	2366	6472	4782	7929	6878	5182	4612	4617	4930	4210	5126	5888	5645	4699	4326	4610	3835	3428
tocopherol alpha-	1054	1078	1076	1018	1544	1312	1151	1047	1001	1204	1187	1310	1815	1810	1623	1505	1663	1472	865	986	1072	1452	1026	1280	1036	871	1124	563	681	992	1361	1477	1585	1641
thymine	2387	1494	2353	2924	1719	2987	624	1415	1425	2287	3431	2608	1752	4005	3921	4042	2207	4528	1883	3343	2489	4952	3380	3461	3276	2419	7081	4161	4286	4917	5956	4509	4595	5258
thymidine	2909	2172	4117	4443	2835	4437	1506	2022	2722	3066	4815	2972	260	5774	6437	6130	4305	5957	3058	4990	4672	6829	4572	4301	4267	4768	9113	6369	10207	10226	5066	7272	5493	8745
threonine	65252	56017	66036	68194	84222	78413	64172	55295	58651	27099	15139	27613	26882	26114	30745	25474	29152	27218	18408	16421	21742	24097	18683	14717	18566	21898	33644	26559	28462	29380	25051	24229	24889	15499
threonic acid	6883	6599	5416	7244	8634	6316	4300	4670	5900	9399	9138	9211	9420	8817	10979	11446	10291	16663	12154	13500	11827	15784	11496	13553	12623	13271	10713	6951	11147	10234	9595	11921	10618	14034
taurine	56167	66281	52323	37786	48450	28430	64910	47364	42545	44203	159335	58281	115081	72058	39222	54534	53410	444621	577153	212059	715944	577189	338263	397097	212438	218621	511348	326649	311559	626096	511174	347882	617628	523948
sulfuric acid	2032	873	835	68	938	1229	4448	295	1156	997	16862	645	5107	1469	1172	3638	1108	39678	31169	27468	68037	56061	41201	60137	24769	32318	64258	56829	51197	59242	81383	74887	80788	86898
sucrose	946	568	966	562	563	163	1120	1410	44	152	635	468	1722	2538	6828	35407	1839	894	227	7619	248	181	55	550	2926	4894	256	598	292	360	4341	226	1966	1225
succinic acid	2911	4148	2082	1381	3964	3979	1886	2941	3384	2869	5170	3040	3997	2689	4015	3509	2915	1705	3430	643	2925	2308	6855	3834	2333	11489	613	3360	1723	1039	3939	227	1428	2268
stearic acid	197750	179713	163032	190415	192244	194196	154123	155796	225153	228585	241934	298520	329774	205511	334016	256047	182474	304227	180332	250380	180596	198475	203501	250806	301328	193210	315010	175523	239878	235676	245236	268827	213336	311586
sorbitol	3938	4835	4364	2012	4173	3448	4351	627	4533	4508	47984	4441	3434	7298	4650	4003	5001	6800	73965	4774	93454	5168	4266	2299	4202	4644	9609	7056	7373	7372	5467	3616	6635	5868
serine	48739	64400	69366	71892	88444	50992	70188	57216	65515	25637	14624	32168	27889	19538	27056	12717	29171	61485	43252	41271	47690	50377	45806	50161	52289	45636	38038	45287	39949	76977	28594	25118	22338	85777
salicylic acid	861	678	513	1425	754	582	334	1909	394	489	390	197	254	285	615	350	323	264	150	380	207	158	190	1312	2211	190	554	189	166	105	203	220	209	322
saccharic acid	579	563	625	503	765	650	638	689	491	1055	1023	921	1058	873	1129	1195	946	3244	2362	3824	3146	3483	637	3956	3386	4993	8900	4631	5110	6992	7822	4500	4649	7252
ribose	2552	3158	2187	1362	14021	3892	1751	3200	5580	1839	7272	14654	16583	6990	11154	8756	12669	3125	3949	3594	1972	2185	3501	3627	1932	3439	2711	1931	1820	2029	2128	2557	4253	2858
ribonic acid	198	399	323	290	445	369	249	334	207	490	366	382	594	400	446	528	319	840	454	853	886	853	643	677	951	927	2485	1276	1311	1718	2085	984	2968	1822
quinic acid	348	140	199	398	245	158	188	819	163	281	234	207	255	381	1328	598	501	570	139	6925	96	150	118	412	1787	3180	404	363	177	286	2516	214	743	629
pyruvic acid	19805	17791	22576	28113	15889	9190	14421	16801	14832	2802	4445	8805	14536	23362	9925	14538	21302	3865	3205	889	13701	1676	9625	5681	4031	5071	2759	3035	1292	230	8482	5969	4320	2965
pyrophosphate	489	321	233	155	321	151	318	146	158	589	547	406	811	600	767	894	392	1482	552	251	260	737	666	253	265	521	471	621	465	954	456	758	744	783
putrescine	551	358	359	389	667	410	359	498	320	242	176	228	162	255	475	290	144	518	756	143	383	555	514	681	467	641	903	633	517	1249	910	284	1127	1232
p-tolyl glucuronide	128	137	122	96	235	174	79	214	155	239	232	165	139	487	289	962	345	209	97	261	142	166	1817	3046	1293	3685	3008	2186	1615	2711	10519	2719	6551	6171
pseudo uridine	1776	1970	2092	2116	3613	2884	2667	3261	3029	2322	5522	5303	5428	5017	7468	7029	5755	13522	8697	12330	9996	13277	14624	15553	13062	14453	34715	16293	14829	25817	38747	24451	42521	35342
propane-1,3-diol NIST	3422	4208	4013	4348	4710	3847	2520	3227	3486	5638	5192	5933	4638	3961	5210	4322	5060	3735	2994	4030	3070	3047	3251	3416	3888	3196	3712	2746	3492	3594	3154	3517	3173	3448
proline	72970	40345	42821	37031	94095	68825	93255	92600	62459	12442	11003	10733	16906	17849	16036	15783	15897	4354	8309	8964	5320	4292	3386	2439	3940	7607	4006	5571	4760	7057	2894	3179	4403	2072
pipecolinic acid	1041	481	578	328	1179	1035	863	1136	711	481	271	368	847	911	545	1005	600	495	547	218	342	681	270	417	330	456	746	327	327	690	558	628	1042	916
pinitol	1796	1628	1372	1333	1629	955	1242	1513	429	441	522	537	796	785	935	539	752	416	424	568	391	756	1565	797	1104	1195	2663	769	612	757	425	340	728	711
phosphoethanolamine	421	528	116	118	216	160	342	109	62	372	224	120	496	219	171	289	303	505	160	120	338	681	506	124	426	487	481	1289	220	754	479	255	471	322
phosphate	45206	59918	64076	79193	53515	60169	35672	32900	31676	123570	198836	131795	98316	77926	116243	97344	98484	160	5591	183946	130958	180147	156193	166828	144624	5912	1478	1551	1753	2836	1613	118455	1042	769
phenylethylamine	849	433	585	414	933	601	1223	615	482	423	1134	358	481	487	454	429	403	1850	1806	666	2825	2740	1006	682	420	545	579	3305	1521	1461	605	880	574	506
phenylalanine	33036	28669	28509	29430	38074	33599	23806	22963	20536	31263	26799	31907	32759	21972	23244	17262	25373	33293	23564	35861	24646	29339	23545	15373	24541	22705	31311	27336	29002	30707	24397	17277	19020	14253
phenol	3370	2170	2444	4633	4346	4139	2983	4129	2920	5600	5795	5646	4627	3560	5035	4656	4902	5587	3811	7833	7279	2655	4114	5225	4678	4125	9013	10253	8172	9771	5058	5992	3182	6615
phenaceturic acid	16545	17830	18001	17624	22410	1926	14238	20150	14325	28009	1915	22197	22500	25912	2336	2166	2636	3889	1503	2826	3952	3127	2937	3070	3117	6556	6534	9029	5377	4877	9522	4375	9996	6598
pentadecanoic acid	18076	19304	18959	19005	24048	18116	25053	20100	27356	16824	15321	19732	22752	22963	19741	18706	10401	20451	12310	10242	11606	12501	7540	9139	12052	7015	6433	10228	13633	12760	9471	2405	9065	8785
pelargonic acid	20512	9732	7965	8766	10448	8755	8386	4008	8971	18155	17262	17286	23702	15072	13196	16543	11596	12340	11519	15315	9651	9982	9261	14042	14276	15905	12246	12547	14504	21590	10943	12631	11783	12762
pantothenic acid	364	448	661	616	500	653	341	519	373	483	705	467	148	386	383	566	465	326	797	392	1014	371	702	820	349	694	1022	412	456	1184	2102	2030	1511	2081
palmitoleic acid	1236	1500	1117	1454	1873	1545	961	2058	3024	6754	8175	6652	6570	4559	6103	5641	9019	5977	6080	7266	2312	3716	5258	4467	6758	5243	6104	6814	8297	4496	4711	4198	4634	5511
palmitic acid	39867	42794	34834	41834	42067	43372	33034	42021	55045	86746	82512	91440	97205	74074	96458	83297	83625	81172	62592	78045	46158	60030	78818	72397	96195	70352	90602	67305	81628	72491	92629	86287	73431	91099
oxoproline	150502	220221	170945	245748	161357	85298	133591	85763	130248	137136	186991	187332	180781	84785	182197	153105	133740	191429	144533	233709	205137	150900	140010	135167	140771	125991	155028	180744	164610	137362	127533	134731	106780	99588
oxalic acid	1414	1486	1489	1654	1950	1691	1247	842	1327	1805	2723	2207	2565	1857	1914	2007	2188	2905	2491	2780	2467	2911	2135	2698	2591	2604	1425	1016	2065	1290	1900	2511	1344	2450
orotic acid	167	181	221	255	181	248	188	141	176	352	429	488	470	382	392	326	313	690	602	669	725	647	956	1139	891	1107	1445	750	628	976	1339	825	1778	1413
ornithine	85775	59793	62885	74919	84490	79757	70540	49238	57230	26154	30007	24096	23655	27531	27095	23355	23396	62619	54706	61765	41295	41692	32845	17891	46279	33163	85694	34772	42014	70300	60509	43085	63669	48110
oleic acid	5592	6490	5474	6472	11249	3911	7255	13601	18779	27101	20015	27207	36810	27115	39550	26781	39677	20834	21804	22337	11583	11422	28147	22253	31902	21227	22414	20089	23225	19538	27971	24603	20656	28248
oleamide NIST	1713	1020	684	627	738	1147	805	2774	582	812	359	3345	919	640	777	1251	410	633	427	302	248	356	367	350	612	588	1129	496	442	641	269	521	807	403
N-methylalanine	8964	9899	10122	10585	5198	11120	8110	9788	4169	6855	8442	6203	5741	5147	5449	6080	5472	20788	16058	19064	17122	20809	6100	7407	10540	11649	16586	8839	17059	19511	10853	16686	11283	10600
nicotinamide	796	1196	890	913	1144	878	947	695	794	3593	2154	4987	1733	3828	3612	3577	3870	1407	1709	1721	876	881	1046	578	707	1021	360	395	532	499	543	390	602	321
N-acetylmannosamine	261	216	211	235	221	379	136	172	192	671	314	217	413	483	525	559	288	1514	1072	1400	1097	1277	1220	831	941	906	2289	1675	2323	3092	1818	809	1604	1165
N-acetylglycine NIST	176	398	371	567	418	384	282	363	173	972	745	993	379	491	1006	587	536	1137	1170	1432	1236	1965	1293	1639	294	1804	1273	1688	2859	1889	3100	1984	2410	2946
n-acetylglutamate	353	603	524	1262	595	323	312	212	379	604	930	774	456	232	628	702	394	448	179	415	363	247	268	317	478	147	516	389	351	174	257	278	544	179
N-acetyl-D-tryptophan	644	592	573	591	737	623	455	483	408	655	1393	883	859	589	583	524	463	453	267	272	373	586	615	439	566	355	490	809	155	630	171	424	220	216
n-acetyl-d-hexosamine	181	213	174	194	425	369	349	239	195	283	330	351	347	437	404	587	490	405	473	301	336	326	421	409	319	287	535	518	324	402	364	354	415	392
myristic acid	2834	2775	2324	2317	1382	1943	1186	1798	2144	5160	5659	4667	4232	3214	4035	2749	3612	4808	4271	5536	2391	3346	4786	4097	5397	5197	5508	5007	6491	5698	5681	4485	4580	5405
myo-inositol	54533	66085	49527	51714	89611	69756	67912	53593	46065	45681	37952	58603	66477	55451	68060	76365	65004	139870	121314	128607	98546	117168	171967	147908	133980	118873	210857	145769	165561	179447	131967	76171	119770	122337
methionine sulfoxide	10891	7064	6966	5031	13461	8856	9214	6622	5373	2752	2722	2541	2580	2412	3231	2647	2576	3584	3390	3417	3935	3926	3418	2878	2358	3611	4426	3780	3525	3378	4255	3917	2842	3403
methionine	43117	21952	20372	16631	44100	28341	36545	21592	18218	4186	2444	3677	5318	5690	4984	3441	5709	3720	2662	2074	2804	2593	2614	1388	2387	2261	4195	5568	3513	3333	3419	1860	2931	1475
methanolphosphate	1558	1591	1275	662	1351	1250	1230	486	967	2427	1965	1887	3850	4056	2554	2807	1396	4628	2028	1005	1254	3325	2260	593	774	1419	1221	687	1070	3791	2648	3468	2346	2964
mannose	22490	27922	36816	42040	31166	29196	26617	30733	30933	37863	29356	42964	43150	41658	42972	37547	36111	32012	21479	19529	20188	27552	15115	20401	27317	15389	27391	19805	26173	29336	20084	33845	25849	20321
mannonic acid NIST	189	147	135	163	221	165	142	172	112	163	784	151	126	375	297	428	161	164	1751	161	2963	272	177	177	139	220	448	171	110	257	549	396	197	656
mannitol	6996	5313	2268	6901	6909	5863	6621	4530	5723	3041	1777	3369	3749	4020	3598	3509	3745	3616	2006	3239	1919	3009	6242	2528	5530	3692	6237	3366	1456	4352	856	2729	3949	4570
malonic acid	138	138	124	137	118	242	123	152	139	320	630	289	238	210	341	229	223	1590	223	1992	394	1805	260	1625	2509	3076	2029	1913	1631	1647	1005	839	1561	1375
malic acid	5801	6726	4744	3730	21302	17336	22127	17039	18917	5027	10043	6152	8089	8389	10133	22427	11501	5872	8574	6425	8573	5222	14900	12319	10872	20002	4126	9326	4218	2762	8737	6157	8461	7875
lyxose	341	622	316	350	423	430	318	220	294	545	1707	374	547	433	464	413	413	2497	392	495	381	442	583	532	632	531	3352	666	644	725	456	415	3171	806
lyxitol	2931	2946	2272	1974	2517	2326	1769	2496	1738	2202	1659	1822	2194	2219	2192	2108	1949	6047	3926	6301	5273	15005	4807	5282	4053	6830	14044	5910	8256	11644	15919	13569	21185	15782
lysine	177639	137027	174569	198536	183128	171759	170399	118275	140666	85256	54870	92288	92732	90804	98275	94848	92077	92726	61528	99625	56059	90282	83554	54090	64865	75719	115118	108956	95396	99345	103773	77606	91666	81200
linolenic acid	2284	2959	2002	2449	3389	2921	2039	3893	4503	7285	6122	2223	3825	7843	10801	6936	9680	6275	4178	1607	1396	3896	7959	7071	6759	8299	2239	5700	6852	2678	10166	5495	3341	8289
linoleic acid	4826	7910	5408	6423	8793	6150	5326	10448	8737	17364	20868	19131	26444	21157	24957	19006	22094	20656	21042	20283	11416	13808	12326	20217	24763	19755	20882	17690	22265	16003	31517	26199	16932	22245
leucine	181518	136394	137990	117615	203603	206149	188501	151718	140335	153344	122885	112553	199002	102012	89634	75261	98785	99443	139581	224087	76626	99234	90633	65449	96695	109099	73699	59655	123865	96637	47922	51633	51118	49498
lauric acid	7365	1922	2829	3763	2748	3285	2651	2550	3122	14530	16895	8114	9899	16577	6408	3458	3563	5689	8103	7875	3623	4921	5619	4919	4142	8677	8006	7049	6355	9012	4681	4110	2098	4797
lactulose	1149	923	867	353	1354	310	1279	444	294	1600	687	1105	1658	1381	1968	3579	1061	273	336	264	506	266	160	239	163	204	887	611	326	492	381	1019	1376	628
lactic acid	732754	896800	791082	767797	610950	565904	554350	685373	568690	713349	660731	634466	866718	863096	735840	973628	893757	572837	475642	296954	686882	411624	644912	564496	438291	624615	279049	418800	255732	273054	524492	478310	508157	497030
lactamide	1723	2272	1339	909	1248	1135	951	1289	1175	1451	564	1279	2022	1487	1230	1992	2413	880	712	582	1384	809	1803	906	679	953	476	747	553	546	1065	845	1022	971
kynurenine	452	531	437	337	254	392	240	251	276	326	219	446	364	419	392	163	244	617	430	437	331	522	916	638	730	651	1986	783	615	1403	1539	933	1872	1171
itaconic acid	3301	3365	4800	5186	4001	4984	2777	4100	5289	7337	7247	7621	6898	7041	9450	7078	6898	7374	6331	7580	8268	7506	6016	4752	1969	11343	9422	10379	6266	7595	14189	10973	9976	9658
isothreonic acid	585	755	695	578	911	791	691	800	809	573	1392	1743	1180	1230	1759	1745	1598	3504	2493	4399	3049	1299	4084	4406	4731	4558	9223	4693	4736	6252	11197	6451	9747	8298
isothreitol	290	248	260	150	424	289	280	201	226	317	334	332	324	394	399	386	369	620	367	666	389	441	712	739	601	729	711	624	867	973	1439	775	1624	1144
isoleucine	101466	79546	90190	97400	120236	127339	106796	95064	90955	88355	83369	79546	113716	50864	50103	45813	62677	60242	85340	133516	50607	60347	62632	48194	63317	73248	51817	34075	72503	55789	40403	41565	51596	28950
isohexonic acid	562	563	234	476	910	256	346	483	423	646	256	921	665	873	924	837	589	2407	1391	238	2504	2603	2923	3378	3158	4433	5108	3286	3391	6275	5949	3545	5056	5694
isocitric acid	1013	2176	1759	1637	2316	1437	1677	2027	1452	2678	3278	2454	2612	2415	2278	2838	2377	5733	5976	5516	3290	3675	8315	8874	8015	12030	4774	15151	6599	4638	3830	2103	5618	5406
inosine	375	891	497	179	107	127	66	99	112	237	96	73	121	159	86	125	145	161	86	185	88	104	99	79	110	107	96	94	97	137	89	97	88	172
indoxyl sulfate	1454	1420	1113	723	2347	3507	1378	1251	2305	676	638	657	873	1356	2029	1947	1393	2511	1318	2014	1794	1953	2155	2106	1706	2719	2771	3088	3106	5239	9428	5803	1428	7411
indole-3-lactate	3118	3258	2331	1631	3187	4339	2288	2705	2425	1913	4611	4287	4273	4609	4008	3206	4184	12941	9969	12085	9232	13189	15873	11547	11536	12039	19678	13731	13279	20630	11110	9475	13706	10285
indole-3-acetate	1392	1436	1335	987	2593	4244	2004	2155	3024	1128	1079	1119	1484	1629	814	950	1412	2338	1245	1111	1443	1850	1494	1562	1554	1645	3718	2020	1297	3293	2328	3048	3610	2260
hydroxylamine	59219	58368	75894	77656	65993	82577	56315	27754	62734	82335	74756	100297	69214	47291	103436	88902	65023	74708	44142	88503	85830	55176	60864	75297	78876	68271	74990	84917	99767	72197	91696	101123	43517	109172
hydroxycarbamate NIST	14002	14414	18354	22654	18870	16025	13841	6130	15680	20472	15203	27647	20007	9017	21795	19197	16673	13212	8449	17522	13999	12158	9862	11985	16365	12072	8685	11644	17515	10201	15504	16381	6744	14745
hydrocinnamic acid	1581	2767	2777	926	4271	1951	3863	3629	4114	556	766	777	1259	1149	657	622	857	666	601	360	480	389	632	681	464	290	527	384	318	351	205	383	337	305
histidine	35645	21719	31555	22941	24365	35078	25415	28208	24402	41253	11361	32537	30392	38210	34659	23113	30338	24575	16640	21913	13474	22533	17377	7938	14475	20455	35609	34639	40151	38712	31966	15471	27743	18555
hexuronic acid	1614	4560	4380	3888	6007	4834	5204	5146	5029	6978	9048	5825	7145	7718	8556	8745	5471	26020	20379	26722	23811	26162	22856	24852	20930	27452	62374	42333	39302	41638	35707	22484	43128	39065
hexose	14909	19542	24841	102	20737	18905	17921	19608	20248	26239	21972	30352	27400	28160	28022	270	25742	22607	71372	12724	15299	18713	10139	13792	18395	9997	18818	13725	18666	19674	13434	22402	16739	14614
hexitol	1522	2118	1859	1291	3925	2731	2107	2452	1442	1345	1159	1403	2937	1115	3549	1827	4031	5476	3756	4045	4070	4343	5026	5149	359	5278	10851	5558	5993	9195	1704	1779	5870	6315
hexadecane	4279	8111	2483	6699	4066	4121	5956	3895	3122	5146	5627	4046	7740	4147	5011	5749	3038	2852	3133	8434	2300	7991	2034	4476	2927	3231	3286	4870	5398	3411	2884	4904	4137	3415
heptadecanoic acid	2084	1583	2238	2440	3242	3178	2835	3478	5002	4092	5244	4908	4024	5372	5968	4625	4783	4935	3730	3896	2486	3491	4581	4536	5219	3834	5441	3688	4398	3399	6552	4705	4278	5811
glycyl proline	376	319	525	397	562	417	407	486	344	274	176	136	195	291	320	374	269	195	185	200	208	378	637	568	249	744	935	503	351	888	1991	1341	3574	3646
glycolic acid	11237	9292	10898	9653	17438	9824	8014	8856	9243	6762	7052	1211	7996	7752	9981	6894	12089	2770	2255	2637	2635	2498	2818	3489	3596	2795	2982	1987	1437	2193	5647	4879	4893	4764
glycine	82427	76060	78460	72644	96715	75216	77525	117023	64146	61693	83560	60298	61188	54260	62969	66020	60058	77733	56423	76307	89897	77495	71889	68112	67494	74216	77247	90961	75143	63128	79132	82177	67612	61062
glycerol-alpha-phosphate	3004	4030	2365	2705	4340	2623	2466	1662	1837	5390	4322	5621	6048	4869	6922	5791	6475	6061	5291	3286	5567	5842	3668	3911	4912	3840	3830	2255	2900	3332	3717	4172	4069	4119
glycerol	140962	192742	165824	176444	165672	139126	87803	119561	166385	311480	205528	280627	315940	212764	326059	249121	325062	187861	196177	190190	144457	132775	282533	250422	248309	272994	178308	265931	199152	184282	283506	223762	139138	178417
glyceric acid	4220	3743	2163	2734	5219	4002	2655	160	3730	7503	5515	7569	6220	5511	7632	9975	6647	5055	3692	4897	2956	3696	2069	918	5219	1953	2917	1775	3306	2767	1061	5689	1442	3087
glutaric acid	255	207	262	194	415	560	240	291	209	315	277	215	203	292	289	208	186	273	270	254	187	315	453	397	371	240	410	232	507	324	1203	742	521	1183
glutamine	227322	190252	284294	195423	153249	189493	111184	202014	120388	278405	59904	155621	142090	220748	161479	131058	142039	119683	70677	76985	37332	113534	116369	62537	93070	165842	167140	227622	189054	154579	216954	99319	145593	128915
glutamic acid	7984	10128	6810	6337	7546	5027	8226	5299	4552	4545	6868	7005	9211	5742	8408	7285	8035	8596	12194	6184	8673	8250	5252	4444	8291	3681	9444	8176	5627	7426	5481	4680	6954	5809
glucose-6-phosphate	152	764	137	130	981	106	432	125	126	234	137	219	1749	358	246	671	1060	189	2897	135	1285	398	963	820	1528	563	143	594	82	134	664	309	315	157
glucose-1-phosphate	1626	1455	2085	598	1495	1595	1208	390	1123	2101	267	1924	1795	1844	1980	1817	1930	2326	1464	2177	1861	2250	2153	2218	2583	2505	1459	2457	2669	3499	4213	2859	1565	4019
glucose	876324	945216	956497	1001641	262464	859743	1053135	993709	1070045	822762	594890	913269	257814	1114441	884574	921917	953773	208020	556799	408473	583509	508634	205832	349802	442960	195569	455388	388678	584342	546016	233106	525395	335062	284187
gluconic acid	308	214	233	281	279	203	237	154	117	308	819	233	348	375	297	428	289	358	1850	286	147	343	339	319	269	339	716	562	401	512	549	396	681	446
glucoheptulose	895	895	868	719	1334	1276	1340	1126	1200	740	776	721	915	703	828	493	896	2441	1496	229	1623	1414	1466	2152	2175	2050	4042	2727	1947	2725	2590	1749	3176	1969
galacturonic acid	2127	2166	2250	2048	2806	1981	3038	649	2922	2724	2681	3011	3943	3641	2874	3127	3161	9881	8755	9088	12972	13462	10907	12630	10631	13845	29076	10819	16444	19445	18263	12500	20973	18914
galactonic acid	427	503	334	435	584	615	284	174	345	273	2394	285	368	347	508	533	470	315	5700	501	8699	583	621	576	541	210	1091	466	452	722	628	665	509	917
fumaric acid	3086	3395	3560	3355	7660	7040	8133	4014	5754	5291	6510	5695	4896	3060	5840	19511	5078	3404	3878	3090	5267	3125	6271	7025	4123	8218	2952	5527	3884	2100	5411	4276	3487	5160
fucose	3544	3443	3328	3295	4826	3533	3894	3363	4520	5485	4959	5003	5578	6575	5923	6103	5213	12708	9633	12328	9763	12382	14333	14615	11730	15060	28401	17390	19949	17089	62409	34298	47759	61861
fructose	4890	2056	1843	1500	2235	1763	2467	1437	1328	1264	1562	2212	2345	2629	2839	3196	2375	1855	1062	2590	910	667	876	951	1648	964	1585	1198	1942	1339	1037	1206	1128	1209
ethanolamine	9225	11071	10374	12470	14461	10827	7746	7523	9962	11461	11563	13248	10981	8331	10949	9115	10417	7756	6976	10506	32492	6184	9560	7175	9994	12197	59281	36153	39083	53659	39537	50750	45405	61737
docosahexaenoic acid	732	1291	1048	970	994	1335	752	907	1439	3448	2086	3329	3234	2814	3665	2754	3501	3991	1830	2771	2086	2492	5194	3618	4402	3447	1840	2200	2863	1765	2139	2697	1660	1510
deoxypentitol	248	390	269	252	349	286	261	232	170	538	421	526	468	424	499	432	430	1020	803	1323	936	1232	204	1033	1212	1501	1684	1787	1238	1841	2704	1910	2859	2461
dehydroascorbic acid	581	960	694	1028	727	589	1276	803	616	759	681	791	713	804	710	697	884	1229	1014	1174	2392	2000	1287	1268	1015	1781	1825	1081	1322	1375	1433	1735	3140	1318
cystine	5527	4883	6877	7581	2323	4819	4024	8824	5945	4190	1483	2732	4061	6670	2591	5514	4556	2045	1822	4095	1079	2366	1071	637	679	1127	6964	7459	7368	6345	1652	1577	2675	1573
cysteine	3243	4349	3791	4226	2916	3189	2038	4367	2475	1758	623	2471	2579	1485	1681	1564	3678	754	475	674	338	710	273	216	335	334	959	500	348	623	446	303	560	295
creatinine	8304	11472	7451	10192	12606	7281	4606	11301	5160	9091	5526	10434	10104	15060	10069	7035	10989	10211	10178	7312	3511	13845	9239	8334	8654	8329	25372	19717	9456	23715	15688	10146	33104	25956
conduritol-beta-expoxide	4741	4416	2923	3182	6628	4816	4394	5177	3085	2221	1878	2664	3427	3498	4812	2781	3964	4783	3409	10632	2932	3495	4503	4749	5832	4801	9507	4275	5212	7567	6104	4199	5793	5234
citrulline	7631	5721	7458	8060	7620	10110	6573	5304	5559	2489	2534	4066	4499	4339	3970	4625	3359	2238	2428	1952	1529	3279	3538	2819	2359	4455	2545	7686	5101	2341	3599	4182	3109	3959
citric acid	92621	126112	104027	100880	133170	119701	101464	134106	107122	150843	189934	150993	160621	136628	151674	158953	153456	310727	351259	312184	193915	208993	551053	575073	451343	709259	252527	867265	400058	245275	220025	126630	321237	287406
cis-gondoic acid	129	197	135	77	195	220	135	263	231	320	302	313	458	421	484	324	476	283	216	165	184	241	317	270	319	182	317	170	207	240	293	228	241	417
cholic acid	422	385	586	659	395	678	798	1314	590	329	618	182	199	246	174	183	141	180	138	231	321	198	402	569	386	216	229	2112	272	321	510	167	446	876
cholesterol	79307	92747	97784	94370	129778	123490	97714	115089	89479	150271	103331	143924	168430	155101	141487	166655	146635	196311	134656	127859	126854	156569	134099	132820	155668	116757	184033	123989	129552	204320	184076	174992	193016	199873
capric acid	1089	351	506	531	426	462	395	400	449	968	603	979	1300	1296	795	683	504	700	708	910	494	614	600	667	514	915	850	575	854	1011	628	674	601	524
butane-2,3-diol NIST	1502	2391	689	1033	1227	1562	1157	1158	673	1004	931	441	625	678	400	878	674	808	817	735	592	466	571	446	501	460	1192	918	384	813	441	322	1328	1171
benzylalcohol	478	319	363	373	514	444	242	387	294	798	832	502	850	1030	1009	2144	598	1543	777	800	574	1150	3509	8784	2652	6297	7367	6454	6607	7705	26040	14807	6003	9884
benzoic acid	34179	6225	37841	38012	44650	37314	29467	25862	31789	49009	51506	55440	50417	39084	48019	44110	46730	50587	33859	40926	26821	34095	28210	29584	38904	28515	32376	30448	33914	33947	31765	31470	27640	34044
behenic acid	958	1127	1081	1032	1130	881	1078	959	1225	1181	1093	1009	1081	988	1100	1391	954	1382	636	876	784	826	781	702	1120	850	1211	746	658	671	1102	915	975	926
aspartic acid	4928	5679	4421	3678	4333	2164	3240	2371	2254	2135	1322	2627	3104	2526	2722	2091	3042	1799	1330	1364	1574	1567	1121	925	1569	954	1993	1103	1044	1560	1797	1194	1505	1002
asparagine	3511	2511	3414	3005	5002	3976	4448	5800	4574	1522	1803	1683	1559	1999	1833	1447	1796	987	1732	2074	1894	1647	1928	1131	1401	2155	2419	2720	2124	2351	2324	2064	2188	1853
arachidonic acid	2300	2703	2346	2405	3789	3107	1985	2507	3046	8362	6589	7122	7741	7606	8187	4771	6244	6737	5116	3915	3795	5133	5554	4172	5564	3697	5442	3776	5175	4946	5368	5255	2803	3312
arachidic acid	2037	1825	1816	2176	2159	2289	1718	2748	2688	2459	1982	2743	2827	1961	3354	2300	1657	2669	1390	2382	1598	1478	1605	2745	3185	1731	3236	1460	1655	1654	2312	2538	1852	2177
arabinose	2624	2143	2329	1481	14192	4065	8161	3391	5805	8578	7509	14797	17051	9920	11238	8796	13124	3148	4261	3659	2121	2351	3659	3825	2765	3583	3068	2043	1939	2236	2810	2614	4515	3107
aminomalonate	2278	3327	4676	6375	4994	3781	3919	2751	4082	2885	1332	3740	2670	1325	3174	2749	2933	1741	1351	1412	1703	2214	1280	1704	1665	1463	1298	1857	1607	1441	1864	2194	1648	1917
alpha-ketoglutarate	3961	4529	3593	2615	6619	6011	4120	5111	4586	1563	5999	2788	557	5300	6962	5299	7119	1321	1250	410	957	1172	4896	4694	3080	6255	569	4182	1160	772	2738	980	2984	4017
alpha-aminoadipic acid	1532	1337	1330	1052	1455	1257	1199	1779	896	621	733	818	704	842	795	408	554	3875	1333	1824	2835	13968	1925	948	1287	4488	8364	3495	5218	7994	11353	12280	17036	11732
allantoic acid	5967	7726	8649	8408	11557	5866	6189	9889	10112	12566	20002	10817	13159	12632	11241	11060	9140	35109	23255	28518	18565	29761	32754	25019	29690	36771	78612	51622	39572	55462	69531	34369	74868	57759
alanine	475737	339633	356508	322412	693521	487722	735989	672277	689682	276277	207414	285395	350860	367565	336199	387615	423370	223868	214108	166810	377619	193015	201665	127467	119859	199858	221616	209773	214838	188535	162086	173387	132103	95642
adipic acid	978	1157	792	813	881	860	586	590	598	1009	1137	1005	1351	779	1106	813	949	1253	850	1189	784	1414	1206	1187	1396	1386	1454	1676	1110	1229	2139	1370	1658	2339
aconitic acid	371	251	256	509	810	492	506	669	228	278	507	294	279	352	480	221	367	504	420	543	434	551	1184	1049	676	1420	1210	1908	516	956	835	399	1272	901
acetophenone NIST	1756	2139	2242	1899	2283	2205	1139	1620	1643	2620	1796	2864	1799	2047	3445	1790	1975	2425	1417	1872	2026	2019	1577	1919	2255	1699	1627	1851	2089	1923	1985	2459	1647	2528
5-methoxytryptamine	9582	10849	11281	4134	19491	2094	14063	2442	5807	6317	919	12228	15083	6210	5745	3230	15300	405	775	1374	229	330	1752	1312	1570	1044	338	349	317	247	1505	1173	376	596
5-hydroxy-3-indoleacetic acid	380	315	260	298	546	361	302	334	278	494	549	515	597	655	538	694	697	1392	1251	1632	1214	1214	1836	1873	1437	2365	2946	2980	1920	2786	4066	1899	3495	3357
4-hydroxyphenylacetic acid	253	279	195	226	503	473	227	348	244	533	416	437	533	265	360	317	296	571	308	384	476	477	400	493	421	502	529	560	731	739	2796	1029	1891	3148
3-phosphoglycerate	203	360	271	155	257	208	171	148	101	687	547	167	468	335	561	249	395	308	448	309	253	333	340	391	483	291	275	351	250	271	255	266	193	195
3-hydroxyphenylacetic acid	127	142	139	114	125	218	140	119	94	170	201	143	176	167	157	153	118	146	123	163	74	43	35	153	147	74	137	163	135	104	143	133	209	144
3-hydroxybutyric acid	29124	91353	91948	82343	73502	89146	45273	140076	125511	214646	713902	184833	188857	54358	59706	47334	39906	520490	537592	662424	217776	630338	484589	622819	717014	605462	239527	233524	484341	307953	380031	617763	513367	544766
3-hydroxy-3-methylglutaric acid	140	163	259	123	173	112	128	135	111	258	330	139	184	131	171	217	137	273	151	317	211	163	383	239	125	598	161	415	313	282	670	445	740	1061
2-monoolein	794	1008	1502	798	2123	1692	2442	4157	1137	3048	2200	2170	3969	4609	3111	6110	4498	1535	1253	1265	1169	1353	3218	2302	1450	3611	640	591	845	635	6472	8718	2737	4679
2-ketoisocaproic acid	7915	9542	9989	5801	3658	8453	5388	3360	6996	5636	5987	6763	4664	5413	7055	5317	5998	4793	3389	6120	4397	4812	9449	4641	7113	7119	5190	6388	5746	4502	6641	6280	6278	5953
2-hydroxyvaleric acid	940	863	990	637	1229	1058	725	1293	1500	1115	2505	1115	1290	1101	1292	1801	1608	3134	2572	3792	2577	2413	1159	4236	4029	4158	3900	5084	4469	4626	7475	4175	4960	5452
2-hydroxyglutaric acid	591	655	533	457	752	850	815	784	439	620	1289	596	547	640	769	583	982	567	649	452	469	315	1410	1292	1133	1708	374	1250	453	256	1355	837	1168	1876
2-hydroxybutanoic acid	5518	10074	10222	8779	16221	22061	10902	19873	17146	49269	75071	30549	42222	21859	19275	25295	16491	97915	73507	86044	82581	107687	66158	74390	98806	93765	92172	64656	79563	96872	147998	165558	152339	173331
2-deoxytetronic acid	581	255	125	476	765	786	596	621	662	887	1843	2304	1716	449	516	1836	1906	5146	3262	6107	3659	5700	5981	6948	6862	7032	5871	5969	5831	6470	9153	7198	9650	9437
2-deoxypentitol NIST	185	200	298	149	274	242	166	242	235	710	796	468	374	306	458	503	324	766	600	836	454	728	1030	1044	1024	1554	700	1003	1218	704	1315	878	1679	1827
2,5-dihydroxypyrazine NIST	2687	3445	2661	2538	2051	1859	2223	1333	1566	2321	1404	3358	4350	1040	3291	4074	4465	444	2008	1585	511	2407	1439	1975	1069	2095	1199	1590	1939	1717	1743	1325	1619	1688
2,3-dihydroxybutanoic acid NIST	207	283	244	206	295	180	236	208	281	689	520	816	304	371	635	560	695	1045	682	1152	206	1516	1300	1543	1760	1237	1953	1343	1480	2083	2218	2800	1809	2714
1-monopalmitin	502	515	548	494	349	807	602	1075	1832	871	1754	600	2134	1065	777	1775	932	1502	945	517	1396	982	1636	1503	460	1739	885	798	987	898	2617	3344	1419	1695
1-monoolein	3609	201	4885	4346	14323	10367	11676	2431	44183	27494	19873	19229	38900	40852	28090	53396	37633	16830	11737	11019	10631	11857	33231	20714	15447	29273	5957	4690	7356	4773	56781	90759	26232	42334
1-methylgalactose NIST	8512	8395	1032	7608	25299	20993	17156	15976	18142	10130	6448	12080	8853	17875	16964	17361	16071	3597	3178	4313	2825	4095	8677	6793	7551	6611	5647	5272	4628	6170	9229	801	3986	6325
1-methyladenosine	108	111	121	98	106	165	96	135	64	108	180	99	173	155	105	165	107	236	208	222	223	253	307	325	266	346	806	478	595	513	961	400	947	723
1,2-cyclohexanedione	765	894	740	419	3375	1174	2450	1054	1496	2551	2061	3618	4031	2313	2813	2375	3330	1240	1273	1280	1007	1774	935	1978	600	4621	3646	3023	3350	2261	13284	8655	21606	20615
"
pacman::p_load(data.table,stringr)
input = gsub("\r","",input)
cfile = strsplit(input,"\n")[[1]]
cfile[[1]]
grepl("\t",substring(cfile[[1]],1,2))
input = "File Id	161207bOEsa18_1	161207bOEsa19_1	161207bOEsa26_1	161207bOEsa21_1	161207bOEsa13_1	161207bOEsa25_1	161207bOEsa20_1	161207bOEsa01_1	161207bOEsa24_1	161207bOEsa12_1	161207bOEsa03_1	161207bOEsa23_1	161207bOEsa17_1	161207bOEsa07_1	161207bOEsa29_1	161207bOEsa32_1	161207bOEsa14_1	161207bOEsa05_1	161207bOEsa08_1	161207bOEsa22_1	161207bOEsa30_1	161207bOEsa10_1	161207bOEsa09_1	161207bOEsa28_1	161207bOEsa11_1	161207bOEsa16_1	161207bOEsa02_1	161207bOEsa15_1	161207bOEsa27_1	161207bOEsa06_1	161207bOEsa33_1	161207bOEsa34_1	161207bOEsa04_1	161207bOEsa31_1
Mx Class	295365	295365	295365	295365	295371	295371	295371	295371	295371	295377	295377	295377	295377	295383	295383	295383	295383	295389	295389	295389	295389	295389	295395	295395	295395	295395	295401	295401	295401	295401	295407	295407	295407	295407
Mx Sample	295366	295367	295368	295369	295372	295373	295374	295375	295376	295378	295379	295380	295381	295387	295384	295385	295386	295390	295391	295392	295393	295394	295396	295397	295398	295399	295404	295405	295402	295403	295408	295409	295410	295411
Label	RT 0HR 1_001	RT 0HR 2_002	RT 0HR 3_003	RT 0HR 4_004	30 C 0HR 1_005	30 C 0HR 2_006	30 C 0HR 3_007	30 C OHR 4_008	30 C OHR 5_009	RT 4HR 1_010	RT 4HR 2_011	RT 4HR 3_012	RT 4HR 4_013	30 C 4 HR 4_017	30 C 4HR 1_014	30 C 4HR 2_015	30 C 4HR 3_016	RT 12 HR 1_018	RT 12 HR 2_019	RT 12 HR 3_020	RT 12 HR 4_021	RT 12 HR 5_022	30 C 12 HR 1_023	30 C 12 HR 2_024	30 C 12 HR 3_025	30 C 12 HR 4_026	RT 24 HR 3_029	RT 24 HR 4_030	RT 24HR 1_027	RT 24HR 2_028	30 C 24HR 1_031	30 C 24HR 2_032	30 C 24HR 3_033	30 C 24HR 4_034
Species	mouse	mouse	mouse	mouse	mouse	mouse	mouse	mouse	mouse	mouse	mouse	mouse	mouse	mouse	mouse	mouse	mouse	mouse	mouse	mouse	mouse	mouse	mouse	mouse	mouse	mouse	mouse	mouse	mouse	mouse	mouse	mouse	mouse	mouse
Organ	plasma	plasma	plasma	plasma	plasma	plasma	plasma	plasma	plasma	plasma	plasma	plasma	plasma	plasma	plasma	plasma	plasma	plasma	plasma	plasma	plasma	plasma	plasma	plasma	plasma	plasma	plasma	plasma	plasma	plasma	plasma	plasma	plasma	plasma
treatment	RT	RT	RT	RT	C	C	C	C	C	RT	RT	RT	RT	C	C	C	C	RT	RT	RT	RT	RT	C	C	C	C	RT	RT	RT	RT	C	C	C	C
time	0h	0h	0h	0h	0h	0h	0h	0h	0h	4h	4h	4h	4h	4h	4h	4h	4h	12h	12h	12h	12h	12h	12h	12h	12h	12h	24h	24h	24h	24h	24h	24h	24h	24h
Treatments	1 - RT 0 HR	1 - RT 0 HR	1 - RT 0 HR	1 - RT 0 HR	2 - 30 C 0HR	2 - 30 C 0HR	2 - 30 C 0HR	2 - 30 C 0HR	2 - 30 C 0HR	3 - RT 4 HR	3 - RT 4 HR	3 - RT 4 HR	3 - RT 4 HR	4 - 30 C 4HR	4 - 30 C 4HR	4 - 30 C 4HR	4 - 30 C 4HR	5 - RT 12 HR	5 - RT 12 HR	5 - RT 12 HR	5 - RT 12 HR	5 - RT 12 HR	6 - 30 C 12 HR	6 - 30 C 12 HR	6 - 30 C 12 HR	6 - 30 C 12 HR	7 - RT 24 HR	7 - RT 24 HR	7 - RT 24 HR	7 - RT 24 HR	8 - 30 C 24 HR	8 - 30 C 24 HR	8 - 30 C 24 HR	8 - 30 C 24 HR
label	RT 0HR 1_001	RT 0HR 2_002	RT 0HR 3_003	RT 0HR 4_004	30 C 0HR 1_005	30 C 0HR 2_006	30 C 0HR 3_007	30 C OHR 4_008	30 C OHR 5_009	RT 4HR 1_010	RT 4HR 2_011	RT 4HR 3_012	RT 4HR 4_013	30 C 4 HR 4_017	30 C 4HR 1_014	30 C 4HR 2_015	30 C 4HR 3_016	RT 12 HR 1_018	RT 12 HR 2_019	RT 12 HR 3_020	RT 12 HR 4_021	RT 12 HR 5_022	30 C 12 HR 1_023	30 C 12 HR 2_024	30 C 12 HR 3_025	30 C 12 HR 4_026	RT 24 HR 3_029	RT 24 HR 4_030	RT 24HR 1_027	RT 24HR 2_028	30 C 24HR 1_031	30 C 24HR 2_032	30 C 24HR 3_033	30 C 24HR 4_034
zymosterol	219	123	123	182	232	200	103	152	81	267	131	217	233	354	302	361	267	469	304	363	243	358	339	354	241	252	564	441	397	371	1324	776	1171	2123
xylulose NIST	372	563	444	371	872	678	616	479	587	843	627	731	1025	940	894	877	884	710	465	475	439	348	376	596	535	662	611	461	625	484	977	838	1394	1072
xylose	3938	6853	2796	2375	3564	3012	1619	2823	2711	3841	3959	4492	4373	4087	4919	4401	4182	6342	4500	7391	4692	5504	6709	7155	6423	8290	10758	9477	8193	9550	9743	7210	10948	10289
xylonic acid isomer	135	140	153	177	231	140	125	114	114	361	188	195	296	236	342	232	392	438	260	213	442	408	537	443	595	509	1028	398	576	724	677	466	1253	778
xylitol	500	566	495	681	548	642	681	683	926	1174	1958	1010	1258	1315	638	1074	814	1855	1706	1378	1672	2001	1396	1146	1165	1749	1773	1776	2015	1647	2079	2402	1977	2083
valine	254215	205480	216511	199483	284695	297035	224089	199810	192664	214122	198564	176958	260052	145667	144581	124959	151616	197039	223667	317486	150439	174511	189705	152931	168555	170248	159301	99994	236097	153714	101904	144259	134983	99542
uric acid	1931	2742	2041	1701	5510	3685	4315	3024	2987	5335	4757	6541	8461	4970	6379	4757	6574	4013	4891	3240	2967	3415	6968	4441	4416	5985	3508	8793	4762	3770	7830	4157	5096	4427
urea	551740	585423	586580	492229	734003	790961	452166	439498	398573	1203649	891015	951308	875493	959993	756240	962172	849134	1510094	988456	1015137	1066073	1169580	872078	1247807	1363693	1071830	1908182	20197	1394818	1919217	1843623	1798969	1620052	2080940
uracil	2193	2150	2966	4169	2318	2701	2189	2040	3200	2444	5239	5002	5468	4505	6657	5417	5142	2705	4012	4212	5115	4313	6675	3940	3480	8446	5791	4258	4930	4943	9108	6143	5519	5511
UDP-glucuronic acid	327	244	447	554	380	620	224	242	515	377	511	433	340	344	369	307	274	1109	742	989	898	670	735	1029	864	996	2050	966	2662	1543	1472	573	1885	1532
tyrosine	149905	111986	104815	107142	175810	168461	152394	125149	130701	54326	59190	57692	59913	50162	53840	48697	55145	54617	36815	42634	31076	57155	57433	41024	39508	48238	82205	108588	71125	70836	59121	47566	52254	51707
tryptophan	207712	199105	207403	219143	217163	202084	141489	144135	117574	128946	130735	172247	148627	191436	165085	135774	152838	99171	69756	56526	60012	89465	89494	76427	92140	68273	99832	46400	54078	107060	57266	79740	66111	41985
trans-4-hydroxyproline	4693	3411	3854	3585	8132	5248	5515	8406	6632	1972	6505	1562	6038	2154	823	5345	2366	6472	4782	7929	6878	5182	4612	4617	4930	4210	5126	5888	5645	4699	4326	4610	3835	3428
tocopherol alpha-	1054	1078	1076	1018	1544	1312	1151	1047	1001	1204	1187	1310	1815	1810	1623	1505	1663	1472	865	986	1072	1452	1026	1280	1036	871	1124	563	681	992	1361	1477	1585	1641
thymine	2387	1494	2353	2924	1719	2987	624	1415	1425	2287	3431	2608	1752	4005	3921	4042	2207	4528	1883	3343	2489	4952	3380	3461	3276	2419	7081	4161	4286	4917	5956	4509	4595	5258
thymidine	2909	2172	4117	4443	2835	4437	1506	2022	2722	3066	4815	2972	260	5774	6437	6130	4305	5957	3058	4990	4672	6829	4572	4301	4267	4768	9113	6369	10207	10226	5066	7272	5493	8745
threonine	65252	56017	66036	68194	84222	78413	64172	55295	58651	27099	15139	27613	26882	26114	30745	25474	29152	27218	18408	16421	21742	24097	18683	14717	18566	21898	33644	26559	28462	29380	25051	24229	24889	15499
threonic acid	6883	6599	5416	7244	8634	6316	4300	4670	5900	9399	9138	9211	9420	8817	10979	11446	10291	16663	12154	13500	11827	15784	11496	13553	12623	13271	10713	6951	11147	10234	9595	11921	10618	14034
taurine	56167	66281	52323	37786	48450	28430	64910	47364	42545	44203	159335	58281	115081	72058	39222	54534	53410	444621	577153	212059	715944	577189	338263	397097	212438	218621	511348	326649	311559	626096	511174	347882	617628	523948
sulfuric acid	2032	873	835	68	938	1229	4448	295	1156	997	16862	645	5107	1469	1172	3638	1108	39678	31169	27468	68037	56061	41201	60137	24769	32318	64258	56829	51197	59242	81383	74887	80788	86898
sucrose	946	568	966	562	563	163	1120	1410	44	152	635	468	1722	2538	6828	35407	1839	894	227	7619	248	181	55	550	2926	4894	256	598	292	360	4341	226	1966	1225
succinic acid	2911	4148	2082	1381	3964	3979	1886	2941	3384	2869	5170	3040	3997	2689	4015	3509	2915	1705	3430	643	2925	2308	6855	3834	2333	11489	613	3360	1723	1039	3939	227	1428	2268
stearic acid	197750	179713	163032	190415	192244	194196	154123	155796	225153	228585	241934	298520	329774	205511	334016	256047	182474	304227	180332	250380	180596	198475	203501	250806	301328	193210	315010	175523	239878	235676	245236	268827	213336	311586
sorbitol	3938	4835	4364	2012	4173	3448	4351	627	4533	4508	47984	4441	3434	7298	4650	4003	5001	6800	73965	4774	93454	5168	4266	2299	4202	4644	9609	7056	7373	7372	5467	3616	6635	5868
serine	48739	64400	69366	71892	88444	50992	70188	57216	65515	25637	14624	32168	27889	19538	27056	12717	29171	61485	43252	41271	47690	50377	45806	50161	52289	45636	38038	45287	39949	76977	28594	25118	22338	85777
salicylic acid	861	678	513	1425	754	582	334	1909	394	489	390	197	254	285	615	350	323	264	150	380	207	158	190	1312	2211	190	554	189	166	105	203	220	209	322
saccharic acid	579	563	625	503	765	650	638	689	491	1055	1023	921	1058	873	1129	1195	946	3244	2362	3824	3146	3483	637	3956	3386	4993	8900	4631	5110	6992	7822	4500	4649	7252
ribose	2552	3158	2187	1362	14021	3892	1751	3200	5580	1839	7272	14654	16583	6990	11154	8756	12669	3125	3949	3594	1972	2185	3501	3627	1932	3439	2711	1931	1820	2029	2128	2557	4253	2858
ribonic acid	198	399	323	290	445	369	249	334	207	490	366	382	594	400	446	528	319	840	454	853	886	853	643	677	951	927	2485	1276	1311	1718	2085	984	2968	1822
quinic acid	348	140	199	398	245	158	188	819	163	281	234	207	255	381	1328	598	501	570	139	6925	96	150	118	412	1787	3180	404	363	177	286	2516	214	743	629
pyruvic acid	19805	17791	22576	28113	15889	9190	14421	16801	14832	2802	4445	8805	14536	23362	9925	14538	21302	3865	3205	889	13701	1676	9625	5681	4031	5071	2759	3035	1292	230	8482	5969	4320	2965
pyrophosphate	489	321	233	155	321	151	318	146	158	589	547	406	811	600	767	894	392	1482	552	251	260	737	666	253	265	521	471	621	465	954	456	758	744	783
putrescine	551	358	359	389	667	410	359	498	320	242	176	228	162	255	475	290	144	518	756	143	383	555	514	681	467	641	903	633	517	1249	910	284	1127	1232
p-tolyl glucuronide	128	137	122	96	235	174	79	214	155	239	232	165	139	487	289	962	345	209	97	261	142	166	1817	3046	1293	3685	3008	2186	1615	2711	10519	2719	6551	6171
pseudo uridine	1776	1970	2092	2116	3613	2884	2667	3261	3029	2322	5522	5303	5428	5017	7468	7029	5755	13522	8697	12330	9996	13277	14624	15553	13062	14453	34715	16293	14829	25817	38747	24451	42521	35342
propane-1,3-diol NIST	3422	4208	4013	4348	4710	3847	2520	3227	3486	5638	5192	5933	4638	3961	5210	4322	5060	3735	2994	4030	3070	3047	3251	3416	3888	3196	3712	2746	3492	3594	3154	3517	3173	3448
proline	72970	40345	42821	37031	94095	68825	93255	92600	62459	12442	11003	10733	16906	17849	16036	15783	15897	4354	8309	8964	5320	4292	3386	2439	3940	7607	4006	5571	4760	7057	2894	3179	4403	2072
pipecolinic acid	1041	481	578	328	1179	1035	863	1136	711	481	271	368	847	911	545	1005	600	495	547	218	342	681	270	417	330	456	746	327	327	690	558	628	1042	916
pinitol	1796	1628	1372	1333	1629	955	1242	1513	429	441	522	537	796	785	935	539	752	416	424	568	391	756	1565	797	1104	1195	2663	769	612	757	425	340	728	711
phosphoethanolamine	421	528	116	118	216	160	342	109	62	372	224	120	496	219	171	289	303	505	160	120	338	681	506	124	426	487	481	1289	220	754	479	255	471	322
phosphate	45206	59918	64076	79193	53515	60169	35672	32900	31676	123570	198836	131795	98316	77926	116243	97344	98484	160	5591	183946	130958	180147	156193	166828	144624	5912	1478	1551	1753	2836	1613	118455	1042	769
phenylethylamine	849	433	585	414	933	601	1223	615	482	423	1134	358	481	487	454	429	403	1850	1806	666	2825	2740	1006	682	420	545	579	3305	1521	1461	605	880	574	506
phenylalanine	33036	28669	28509	29430	38074	33599	23806	22963	20536	31263	26799	31907	32759	21972	23244	17262	25373	33293	23564	35861	24646	29339	23545	15373	24541	22705	31311	27336	29002	30707	24397	17277	19020	14253
phenol	3370	2170	2444	4633	4346	4139	2983	4129	2920	5600	5795	5646	4627	3560	5035	4656	4902	5587	3811	7833	7279	2655	4114	5225	4678	4125	9013	10253	8172	9771	5058	5992	3182	6615
phenaceturic acid	16545	17830	18001	17624	22410	1926	14238	20150	14325	28009	1915	22197	22500	25912	2336	2166	2636	3889	1503	2826	3952	3127	2937	3070	3117	6556	6534	9029	5377	4877	9522	4375	9996	6598
pentadecanoic acid	18076	19304	18959	19005	24048	18116	25053	20100	27356	16824	15321	19732	22752	22963	19741	18706	10401	20451	12310	10242	11606	12501	7540	9139	12052	7015	6433	10228	13633	12760	9471	2405	9065	8785
pelargonic acid	20512	9732	7965	8766	10448	8755	8386	4008	8971	18155	17262	17286	23702	15072	13196	16543	11596	12340	11519	15315	9651	9982	9261	14042	14276	15905	12246	12547	14504	21590	10943	12631	11783	12762
pantothenic acid	364	448	661	616	500	653	341	519	373	483	705	467	148	386	383	566	465	326	797	392	1014	371	702	820	349	694	1022	412	456	1184	2102	2030	1511	2081
palmitoleic acid	1236	1500	1117	1454	1873	1545	961	2058	3024	6754	8175	6652	6570	4559	6103	5641	9019	5977	6080	7266	2312	3716	5258	4467	6758	5243	6104	6814	8297	4496	4711	4198	4634	5511
palmitic acid	39867	42794	34834	41834	42067	43372	33034	42021	55045	86746	82512	91440	97205	74074	96458	83297	83625	81172	62592	78045	46158	60030	78818	72397	96195	70352	90602	67305	81628	72491	92629	86287	73431	91099
oxoproline	150502	220221	170945	245748	161357	85298	133591	85763	130248	137136	186991	187332	180781	84785	182197	153105	133740	191429	144533	233709	205137	150900	140010	135167	140771	125991	155028	180744	164610	137362	127533	134731	106780	99588
oxalic acid	1414	1486	1489	1654	1950	1691	1247	842	1327	1805	2723	2207	2565	1857	1914	2007	2188	2905	2491	2780	2467	2911	2135	2698	2591	2604	1425	1016	2065	1290	1900	2511	1344	2450
orotic acid	167	181	221	255	181	248	188	141	176	352	429	488	470	382	392	326	313	690	602	669	725	647	956	1139	891	1107	1445	750	628	976	1339	825	1778	1413
ornithine	85775	59793	62885	74919	84490	79757	70540	49238	57230	26154	30007	24096	23655	27531	27095	23355	23396	62619	54706	61765	41295	41692	32845	17891	46279	33163	85694	34772	42014	70300	60509	43085	63669	48110
oleic acid	5592	6490	5474	6472	11249	3911	7255	13601	18779	27101	20015	27207	36810	27115	39550	26781	39677	20834	21804	22337	11583	11422	28147	22253	31902	21227	22414	20089	23225	19538	27971	24603	20656	28248
oleamide NIST	1713	1020	684	627	738	1147	805	2774	582	812	359	3345	919	640	777	1251	410	633	427	302	248	356	367	350	612	588	1129	496	442	641	269	521	807	403
N-methylalanine	8964	9899	10122	10585	5198	11120	8110	9788	4169	6855	8442	6203	5741	5147	5449	6080	5472	20788	16058	19064	17122	20809	6100	7407	10540	11649	16586	8839	17059	19511	10853	16686	11283	10600
nicotinamide	796	1196	890	913	1144	878	947	695	794	3593	2154	4987	1733	3828	3612	3577	3870	1407	1709	1721	876	881	1046	578	707	1021	360	395	532	499	543	390	602	321
N-acetylmannosamine	261	216	211	235	221	379	136	172	192	671	314	217	413	483	525	559	288	1514	1072	1400	1097	1277	1220	831	941	906	2289	1675	2323	3092	1818	809	1604	1165
N-acetylglycine NIST	176	398	371	567	418	384	282	363	173	972	745	993	379	491	1006	587	536	1137	1170	1432	1236	1965	1293	1639	294	1804	1273	1688	2859	1889	3100	1984	2410	2946
n-acetylglutamate	353	603	524	1262	595	323	312	212	379	604	930	774	456	232	628	702	394	448	179	415	363	247	268	317	478	147	516	389	351	174	257	278	544	179
N-acetyl-D-tryptophan	644	592	573	591	737	623	455	483	408	655	1393	883	859	589	583	524	463	453	267	272	373	586	615	439	566	355	490	809	155	630	171	424	220	216
n-acetyl-d-hexosamine	181	213	174	194	425	369	349	239	195	283	330	351	347	437	404	587	490	405	473	301	336	326	421	409	319	287	535	518	324	402	364	354	415	392
myristic acid	2834	2775	2324	2317	1382	1943	1186	1798	2144	5160	5659	4667	4232	3214	4035	2749	3612	4808	4271	5536	2391	3346	4786	4097	5397	5197	5508	5007	6491	5698	5681	4485	4580	5405
myo-inositol	54533	66085	49527	51714	89611	69756	67912	53593	46065	45681	37952	58603	66477	55451	68060	76365	65004	139870	121314	128607	98546	117168	171967	147908	133980	118873	210857	145769	165561	179447	131967	76171	119770	122337
methionine sulfoxide	10891	7064	6966	5031	13461	8856	9214	6622	5373	2752	2722	2541	2580	2412	3231	2647	2576	3584	3390	3417	3935	3926	3418	2878	2358	3611	4426	3780	3525	3378	4255	3917	2842	3403
methionine	43117	21952	20372	16631	44100	28341	36545	21592	18218	4186	2444	3677	5318	5690	4984	3441	5709	3720	2662	2074	2804	2593	2614	1388	2387	2261	4195	5568	3513	3333	3419	1860	2931	1475
methanolphosphate	1558	1591	1275	662	1351	1250	1230	486	967	2427	1965	1887	3850	4056	2554	2807	1396	4628	2028	1005	1254	3325	2260	593	774	1419	1221	687	1070	3791	2648	3468	2346	2964
mannose	22490	27922	36816	42040	31166	29196	26617	30733	30933	37863	29356	42964	43150	41658	42972	37547	36111	32012	21479	19529	20188	27552	15115	20401	27317	15389	27391	19805	26173	29336	20084	33845	25849	20321
mannonic acid NIST	189	147	135	163	221	165	142	172	112	163	784	151	126	375	297	428	161	164	1751	161	2963	272	177	177	139	220	448	171	110	257	549	396	197	656
mannitol	6996	5313	2268	6901	6909	5863	6621	4530	5723	3041	1777	3369	3749	4020	3598	3509	3745	3616	2006	3239	1919	3009	6242	2528	5530	3692	6237	3366	1456	4352	856	2729	3949	4570
malonic acid	138	138	124	137	118	242	123	152	139	320	630	289	238	210	341	229	223	1590	223	1992	394	1805	260	1625	2509	3076	2029	1913	1631	1647	1005	839	1561	1375
malic acid	5801	6726	4744	3730	21302	17336	22127	17039	18917	5027	10043	6152	8089	8389	10133	22427	11501	5872	8574	6425	8573	5222	14900	12319	10872	20002	4126	9326	4218	2762	8737	6157	8461	7875
lyxose	341	622	316	350	423	430	318	220	294	545	1707	374	547	433	464	413	413	2497	392	495	381	442	583	532	632	531	3352	666	644	725	456	415	3171	806
lyxitol	2931	2946	2272	1974	2517	2326	1769	2496	1738	2202	1659	1822	2194	2219	2192	2108	1949	6047	3926	6301	5273	15005	4807	5282	4053	6830	14044	5910	8256	11644	15919	13569	21185	15782
lysine	177639	137027	174569	198536	183128	171759	170399	118275	140666	85256	54870	92288	92732	90804	98275	94848	92077	92726	61528	99625	56059	90282	83554	54090	64865	75719	115118	108956	95396	99345	103773	77606	91666	81200
linolenic acid	2284	2959	2002	2449	3389	2921	2039	3893	4503	7285	6122	2223	3825	7843	10801	6936	9680	6275	4178	1607	1396	3896	7959	7071	6759	8299	2239	5700	6852	2678	10166	5495	3341	8289
linoleic acid	4826	7910	5408	6423	8793	6150	5326	10448	8737	17364	20868	19131	26444	21157	24957	19006	22094	20656	21042	20283	11416	13808	12326	20217	24763	19755	20882	17690	22265	16003	31517	26199	16932	22245
leucine	181518	136394	137990	117615	203603	206149	188501	151718	140335	153344	122885	112553	199002	102012	89634	75261	98785	99443	139581	224087	76626	99234	90633	65449	96695	109099	73699	59655	123865	96637	47922	51633	51118	49498
lauric acid	7365	1922	2829	3763	2748	3285	2651	2550	3122	14530	16895	8114	9899	16577	6408	3458	3563	5689	8103	7875	3623	4921	5619	4919	4142	8677	8006	7049	6355	9012	4681	4110	2098	4797
lactulose	1149	923	867	353	1354	310	1279	444	294	1600	687	1105	1658	1381	1968	3579	1061	273	336	264	506	266	160	239	163	204	887	611	326	492	381	1019	1376	628
lactic acid	732754	896800	791082	767797	610950	565904	554350	685373	568690	713349	660731	634466	866718	863096	735840	973628	893757	572837	475642	296954	686882	411624	644912	564496	438291	624615	279049	418800	255732	273054	524492	478310	508157	497030
lactamide	1723	2272	1339	909	1248	1135	951	1289	1175	1451	564	1279	2022	1487	1230	1992	2413	880	712	582	1384	809	1803	906	679	953	476	747	553	546	1065	845	1022	971
kynurenine	452	531	437	337	254	392	240	251	276	326	219	446	364	419	392	163	244	617	430	437	331	522	916	638	730	651	1986	783	615	1403	1539	933	1872	1171
itaconic acid	3301	3365	4800	5186	4001	4984	2777	4100	5289	7337	7247	7621	6898	7041	9450	7078	6898	7374	6331	7580	8268	7506	6016	4752	1969	11343	9422	10379	6266	7595	14189	10973	9976	9658
isothreonic acid	585	755	695	578	911	791	691	800	809	573	1392	1743	1180	1230	1759	1745	1598	3504	2493	4399	3049	1299	4084	4406	4731	4558	9223	4693	4736	6252	11197	6451	9747	8298
isothreitol	290	248	260	150	424	289	280	201	226	317	334	332	324	394	399	386	369	620	367	666	389	441	712	739	601	729	711	624	867	973	1439	775	1624	1144
isoleucine	101466	79546	90190	97400	120236	127339	106796	95064	90955	88355	83369	79546	113716	50864	50103	45813	62677	60242	85340	133516	50607	60347	62632	48194	63317	73248	51817	34075	72503	55789	40403	41565	51596	28950
isohexonic acid	562	563	234	476	910	256	346	483	423	646	256	921	665	873	924	837	589	2407	1391	238	2504	2603	2923	3378	3158	4433	5108	3286	3391	6275	5949	3545	5056	5694
isocitric acid	1013	2176	1759	1637	2316	1437	1677	2027	1452	2678	3278	2454	2612	2415	2278	2838	2377	5733	5976	5516	3290	3675	8315	8874	8015	12030	4774	15151	6599	4638	3830	2103	5618	5406
inosine	375	891	497	179	107	127	66	99	112	237	96	73	121	159	86	125	145	161	86	185	88	104	99	79	110	107	96	94	97	137	89	97	88	172
indoxyl sulfate	1454	1420	1113	723	2347	3507	1378	1251	2305	676	638	657	873	1356	2029	1947	1393	2511	1318	2014	1794	1953	2155	2106	1706	2719	2771	3088	3106	5239	9428	5803	1428	7411
indole-3-lactate	3118	3258	2331	1631	3187	4339	2288	2705	2425	1913	4611	4287	4273	4609	4008	3206	4184	12941	9969	12085	9232	13189	15873	11547	11536	12039	19678	13731	13279	20630	11110	9475	13706	10285
indole-3-acetate	1392	1436	1335	987	2593	4244	2004	2155	3024	1128	1079	1119	1484	1629	814	950	1412	2338	1245	1111	1443	1850	1494	1562	1554	1645	3718	2020	1297	3293	2328	3048	3610	2260
hydroxylamine	59219	58368	75894	77656	65993	82577	56315	27754	62734	82335	74756	100297	69214	47291	103436	88902	65023	74708	44142	88503	85830	55176	60864	75297	78876	68271	74990	84917	99767	72197	91696	101123	43517	109172
hydroxycarbamate NIST	14002	14414	18354	22654	18870	16025	13841	6130	15680	20472	15203	27647	20007	9017	21795	19197	16673	13212	8449	17522	13999	12158	9862	11985	16365	12072	8685	11644	17515	10201	15504	16381	6744	14745
hydrocinnamic acid	1581	2767	2777	926	4271	1951	3863	3629	4114	556	766	777	1259	1149	657	622	857	666	601	360	480	389	632	681	464	290	527	384	318	351	205	383	337	305
histidine	35645	21719	31555	22941	24365	35078	25415	28208	24402	41253	11361	32537	30392	38210	34659	23113	30338	24575	16640	21913	13474	22533	17377	7938	14475	20455	35609	34639	40151	38712	31966	15471	27743	18555
hexuronic acid	1614	4560	4380	3888	6007	4834	5204	5146	5029	6978	9048	5825	7145	7718	8556	8745	5471	26020	20379	26722	23811	26162	22856	24852	20930	27452	62374	42333	39302	41638	35707	22484	43128	39065
hexose	14909	19542	24841	102	20737	18905	17921	19608	20248	26239	21972	30352	27400	28160	28022	270	25742	22607	71372	12724	15299	18713	10139	13792	18395	9997	18818	13725	18666	19674	13434	22402	16739	14614
hexitol	1522	2118	1859	1291	3925	2731	2107	2452	1442	1345	1159	1403	2937	1115	3549	1827	4031	5476	3756	4045	4070	4343	5026	5149	359	5278	10851	5558	5993	9195	1704	1779	5870	6315
hexadecane	4279	8111	2483	6699	4066	4121	5956	3895	3122	5146	5627	4046	7740	4147	5011	5749	3038	2852	3133	8434	2300	7991	2034	4476	2927	3231	3286	4870	5398	3411	2884	4904	4137	3415
heptadecanoic acid	2084	1583	2238	2440	3242	3178	2835	3478	5002	4092	5244	4908	4024	5372	5968	4625	4783	4935	3730	3896	2486	3491	4581	4536	5219	3834	5441	3688	4398	3399	6552	4705	4278	5811
glycyl proline	376	319	525	397	562	417	407	486	344	274	176	136	195	291	320	374	269	195	185	200	208	378	637	568	249	744	935	503	351	888	1991	1341	3574	3646
glycolic acid	11237	9292	10898	9653	17438	9824	8014	8856	9243	6762	7052	1211	7996	7752	9981	6894	12089	2770	2255	2637	2635	2498	2818	3489	3596	2795	2982	1987	1437	2193	5647	4879	4893	4764
glycine	82427	76060	78460	72644	96715	75216	77525	117023	64146	61693	83560	60298	61188	54260	62969	66020	60058	77733	56423	76307	89897	77495	71889	68112	67494	74216	77247	90961	75143	63128	79132	82177	67612	61062
glycerol-alpha-phosphate	3004	4030	2365	2705	4340	2623	2466	1662	1837	5390	4322	5621	6048	4869	6922	5791	6475	6061	5291	3286	5567	5842	3668	3911	4912	3840	3830	2255	2900	3332	3717	4172	4069	4119
glycerol	140962	192742	165824	176444	165672	139126	87803	119561	166385	311480	205528	280627	315940	212764	326059	249121	325062	187861	196177	190190	144457	132775	282533	250422	248309	272994	178308	265931	199152	184282	283506	223762	139138	178417
glyceric acid	4220	3743	2163	2734	5219	4002	2655	160	3730	7503	5515	7569	6220	5511	7632	9975	6647	5055	3692	4897	2956	3696	2069	918	5219	1953	2917	1775	3306	2767	1061	5689	1442	3087
glutaric acid	255	207	262	194	415	560	240	291	209	315	277	215	203	292	289	208	186	273	270	254	187	315	453	397	371	240	410	232	507	324	1203	742	521	1183
glutamine	227322	190252	284294	195423	153249	189493	111184	202014	120388	278405	59904	155621	142090	220748	161479	131058	142039	119683	70677	76985	37332	113534	116369	62537	93070	165842	167140	227622	189054	154579	216954	99319	145593	128915
glutamic acid	7984	10128	6810	6337	7546	5027	8226	5299	4552	4545	6868	7005	9211	5742	8408	7285	8035	8596	12194	6184	8673	8250	5252	4444	8291	3681	9444	8176	5627	7426	5481	4680	6954	5809
glucose-6-phosphate	152	764	137	130	981	106	432	125	126	234	137	219	1749	358	246	671	1060	189	2897	135	1285	398	963	820	1528	563	143	594	82	134	664	309	315	157
glucose-1-phosphate	1626	1455	2085	598	1495	1595	1208	390	1123	2101	267	1924	1795	1844	1980	1817	1930	2326	1464	2177	1861	2250	2153	2218	2583	2505	1459	2457	2669	3499	4213	2859	1565	4019
glucose	876324	945216	956497	1001641	262464	859743	1053135	993709	1070045	822762	594890	913269	257814	1114441	884574	921917	953773	208020	556799	408473	583509	508634	205832	349802	442960	195569	455388	388678	584342	546016	233106	525395	335062	284187
gluconic acid	308	214	233	281	279	203	237	154	117	308	819	233	348	375	297	428	289	358	1850	286	147	343	339	319	269	339	716	562	401	512	549	396	681	446
glucoheptulose	895	895	868	719	1334	1276	1340	1126	1200	740	776	721	915	703	828	493	896	2441	1496	229	1623	1414	1466	2152	2175	2050	4042	2727	1947	2725	2590	1749	3176	1969
galacturonic acid	2127	2166	2250	2048	2806	1981	3038	649	2922	2724	2681	3011	3943	3641	2874	3127	3161	9881	8755	9088	12972	13462	10907	12630	10631	13845	29076	10819	16444	19445	18263	12500	20973	18914
galactonic acid	427	503	334	435	584	615	284	174	345	273	2394	285	368	347	508	533	470	315	5700	501	8699	583	621	576	541	210	1091	466	452	722	628	665	509	917
fumaric acid	3086	3395	3560	3355	7660	7040	8133	4014	5754	5291	6510	5695	4896	3060	5840	19511	5078	3404	3878	3090	5267	3125	6271	7025	4123	8218	2952	5527	3884	2100	5411	4276	3487	5160
fucose	3544	3443	3328	3295	4826	3533	3894	3363	4520	5485	4959	5003	5578	6575	5923	6103	5213	12708	9633	12328	9763	12382	14333	14615	11730	15060	28401	17390	19949	17089	62409	34298	47759	61861
fructose	4890	2056	1843	1500	2235	1763	2467	1437	1328	1264	1562	2212	2345	2629	2839	3196	2375	1855	1062	2590	910	667	876	951	1648	964	1585	1198	1942	1339	1037	1206	1128	1209
ethanolamine	9225	11071	10374	12470	14461	10827	7746	7523	9962	11461	11563	13248	10981	8331	10949	9115	10417	7756	6976	10506	32492	6184	9560	7175	9994	12197	59281	36153	39083	53659	39537	50750	45405	61737
docosahexaenoic acid	732	1291	1048	970	994	1335	752	907	1439	3448	2086	3329	3234	2814	3665	2754	3501	3991	1830	2771	2086	2492	5194	3618	4402	3447	1840	2200	2863	1765	2139	2697	1660	1510
deoxypentitol	248	390	269	252	349	286	261	232	170	538	421	526	468	424	499	432	430	1020	803	1323	936	1232	204	1033	1212	1501	1684	1787	1238	1841	2704	1910	2859	2461
dehydroascorbic acid	581	960	694	1028	727	589	1276	803	616	759	681	791	713	804	710	697	884	1229	1014	1174	2392	2000	1287	1268	1015	1781	1825	1081	1322	1375	1433	1735	3140	1318
cystine	5527	4883	6877	7581	2323	4819	4024	8824	5945	4190	1483	2732	4061	6670	2591	5514	4556	2045	1822	4095	1079	2366	1071	637	679	1127	6964	7459	7368	6345	1652	1577	2675	1573
cysteine	3243	4349	3791	4226	2916	3189	2038	4367	2475	1758	623	2471	2579	1485	1681	1564	3678	754	475	674	338	710	273	216	335	334	959	500	348	623	446	303	560	295
creatinine	8304	11472	7451	10192	12606	7281	4606	11301	5160	9091	5526	10434	10104	15060	10069	7035	10989	10211	10178	7312	3511	13845	9239	8334	8654	8329	25372	19717	9456	23715	15688	10146	33104	25956
conduritol-beta-expoxide	4741	4416	2923	3182	6628	4816	4394	5177	3085	2221	1878	2664	3427	3498	4812	2781	3964	4783	3409	10632	2932	3495	4503	4749	5832	4801	9507	4275	5212	7567	6104	4199	5793	5234
citrulline	7631	5721	7458	8060	7620	10110	6573	5304	5559	2489	2534	4066	4499	4339	3970	4625	3359	2238	2428	1952	1529	3279	3538	2819	2359	4455	2545	7686	5101	2341	3599	4182	3109	3959
citric acid	92621	126112	104027	100880	133170	119701	101464	134106	107122	150843	189934	150993	160621	136628	151674	158953	153456	310727	351259	312184	193915	208993	551053	575073	451343	709259	252527	867265	400058	245275	220025	126630	321237	287406
cis-gondoic acid	129	197	135	77	195	220	135	263	231	320	302	313	458	421	484	324	476	283	216	165	184	241	317	270	319	182	317	170	207	240	293	228	241	417
cholic acid	422	385	586	659	395	678	798	1314	590	329	618	182	199	246	174	183	141	180	138	231	321	198	402	569	386	216	229	2112	272	321	510	167	446	876
cholesterol	79307	92747	97784	94370	129778	123490	97714	115089	89479	150271	103331	143924	168430	155101	141487	166655	146635	196311	134656	127859	126854	156569	134099	132820	155668	116757	184033	123989	129552	204320	184076	174992	193016	199873
capric acid	1089	351	506	531	426	462	395	400	449	968	603	979	1300	1296	795	683	504	700	708	910	494	614	600	667	514	915	850	575	854	1011	628	674	601	524
butane-2,3-diol NIST	1502	2391	689	1033	1227	1562	1157	1158	673	1004	931	441	625	678	400	878	674	808	817	735	592	466	571	446	501	460	1192	918	384	813	441	322	1328	1171
benzylalcohol	478	319	363	373	514	444	242	387	294	798	832	502	850	1030	1009	2144	598	1543	777	800	574	1150	3509	8784	2652	6297	7367	6454	6607	7705	26040	14807	6003	9884
benzoic acid	34179	6225	37841	38012	44650	37314	29467	25862	31789	49009	51506	55440	50417	39084	48019	44110	46730	50587	33859	40926	26821	34095	28210	29584	38904	28515	32376	30448	33914	33947	31765	31470	27640	34044
behenic acid	958	1127	1081	1032	1130	881	1078	959	1225	1181	1093	1009	1081	988	1100	1391	954	1382	636	876	784	826	781	702	1120	850	1211	746	658	671	1102	915	975	926
aspartic acid	4928	5679	4421	3678	4333	2164	3240	2371	2254	2135	1322	2627	3104	2526	2722	2091	3042	1799	1330	1364	1574	1567	1121	925	1569	954	1993	1103	1044	1560	1797	1194	1505	1002
asparagine	3511	2511	3414	3005	5002	3976	4448	5800	4574	1522	1803	1683	1559	1999	1833	1447	1796	987	1732	2074	1894	1647	1928	1131	1401	2155	2419	2720	2124	2351	2324	2064	2188	1853
arachidonic acid	2300	2703	2346	2405	3789	3107	1985	2507	3046	8362	6589	7122	7741	7606	8187	4771	6244	6737	5116	3915	3795	5133	5554	4172	5564	3697	5442	3776	5175	4946	5368	5255	2803	3312
arachidic acid	2037	1825	1816	2176	2159	2289	1718	2748	2688	2459	1982	2743	2827	1961	3354	2300	1657	2669	1390	2382	1598	1478	1605	2745	3185	1731	3236	1460	1655	1654	2312	2538	1852	2177
arabinose	2624	2143	2329	1481	14192	4065	8161	3391	5805	8578	7509	14797	17051	9920	11238	8796	13124	3148	4261	3659	2121	2351	3659	3825	2765	3583	3068	2043	1939	2236	2810	2614	4515	3107
aminomalonate	2278	3327	4676	6375	4994	3781	3919	2751	4082	2885	1332	3740	2670	1325	3174	2749	2933	1741	1351	1412	1703	2214	1280	1704	1665	1463	1298	1857	1607	1441	1864	2194	1648	1917
alpha-ketoglutarate	3961	4529	3593	2615	6619	6011	4120	5111	4586	1563	5999	2788	557	5300	6962	5299	7119	1321	1250	410	957	1172	4896	4694	3080	6255	569	4182	1160	772	2738	980	2984	4017
alpha-aminoadipic acid	1532	1337	1330	1052	1455	1257	1199	1779	896	621	733	818	704	842	795	408	554	3875	1333	1824	2835	13968	1925	948	1287	4488	8364	3495	5218	7994	11353	12280	17036	11732
allantoic acid	5967	7726	8649	8408	11557	5866	6189	9889	10112	12566	20002	10817	13159	12632	11241	11060	9140	35109	23255	28518	18565	29761	32754	25019	29690	36771	78612	51622	39572	55462	69531	34369	74868	57759
alanine	475737	339633	356508	322412	693521	487722	735989	672277	689682	276277	207414	285395	350860	367565	336199	387615	423370	223868	214108	166810	377619	193015	201665	127467	119859	199858	221616	209773	214838	188535	162086	173387	132103	95642
adipic acid	978	1157	792	813	881	860	586	590	598	1009	1137	1005	1351	779	1106	813	949	1253	850	1189	784	1414	1206	1187	1396	1386	1454	1676	1110	1229	2139	1370	1658	2339
aconitic acid	371	251	256	509	810	492	506	669	228	278	507	294	279	352	480	221	367	504	420	543	434	551	1184	1049	676	1420	1210	1908	516	956	835	399	1272	901
acetophenone NIST	1756	2139	2242	1899	2283	2205	1139	1620	1643	2620	1796	2864	1799	2047	3445	1790	1975	2425	1417	1872	2026	2019	1577	1919	2255	1699	1627	1851	2089	1923	1985	2459	1647	2528
5-methoxytryptamine	9582	10849	11281	4134	19491	2094	14063	2442	5807	6317	919	12228	15083	6210	5745	3230	15300	405	775	1374	229	330	1752	1312	1570	1044	338	349	317	247	1505	1173	376	596
5-hydroxy-3-indoleacetic acid	380	315	260	298	546	361	302	334	278	494	549	515	597	655	538	694	697	1392	1251	1632	1214	1214	1836	1873	1437	2365	2946	2980	1920	2786	4066	1899	3495	3357
4-hydroxyphenylacetic acid	253	279	195	226	503	473	227	348	244	533	416	437	533	265	360	317	296	571	308	384	476	477	400	493	421	502	529	560	731	739	2796	1029	1891	3148
3-phosphoglycerate	203	360	271	155	257	208	171	148	101	687	547	167	468	335	561	249	395	308	448	309	253	333	340	391	483	291	275	351	250	271	255	266	193	195
3-hydroxyphenylacetic acid	127	142	139	114	125	218	140	119	94	170	201	143	176	167	157	153	118	146	123	163	74	43	35	153	147	74	137	163	135	104	143	133	209	144
3-hydroxybutyric acid	29124	91353	91948	82343	73502	89146	45273	140076	125511	214646	713902	184833	188857	54358	59706	47334	39906	520490	537592	662424	217776	630338	484589	622819	717014	605462	239527	233524	484341	307953	380031	617763	513367	544766
3-hydroxy-3-methylglutaric acid	140	163	259	123	173	112	128	135	111	258	330	139	184	131	171	217	137	273	151	317	211	163	383	239	125	598	161	415	313	282	670	445	740	1061
2-monoolein	794	1008	1502	798	2123	1692	2442	4157	1137	3048	2200	2170	3969	4609	3111	6110	4498	1535	1253	1265	1169	1353	3218	2302	1450	3611	640	591	845	635	6472	8718	2737	4679
2-ketoisocaproic acid	7915	9542	9989	5801	3658	8453	5388	3360	6996	5636	5987	6763	4664	5413	7055	5317	5998	4793	3389	6120	4397	4812	9449	4641	7113	7119	5190	6388	5746	4502	6641	6280	6278	5953
2-hydroxyvaleric acid	940	863	990	637	1229	1058	725	1293	1500	1115	2505	1115	1290	1101	1292	1801	1608	3134	2572	3792	2577	2413	1159	4236	4029	4158	3900	5084	4469	4626	7475	4175	4960	5452
2-hydroxyglutaric acid	591	655	533	457	752	850	815	784	439	620	1289	596	547	640	769	583	982	567	649	452	469	315	1410	1292	1133	1708	374	1250	453	256	1355	837	1168	1876
2-hydroxybutanoic acid	5518	10074	10222	8779	16221	22061	10902	19873	17146	49269	75071	30549	42222	21859	19275	25295	16491	97915	73507	86044	82581	107687	66158	74390	98806	93765	92172	64656	79563	96872	147998	165558	152339	173331
2-deoxytetronic acid	581	255	125	476	765	786	596	621	662	887	1843	2304	1716	449	516	1836	1906	5146	3262	6107	3659	5700	5981	6948	6862	7032	5871	5969	5831	6470	9153	7198	9650	9437
2-deoxypentitol NIST	185	200	298	149	274	242	166	242	235	710	796	468	374	306	458	503	324	766	600	836	454	728	1030	1044	1024	1554	700	1003	1218	704	1315	878	1679	1827
2,5-dihydroxypyrazine NIST	2687	3445	2661	2538	2051	1859	2223	1333	1566	2321	1404	3358	4350	1040	3291	4074	4465	444	2008	1585	511	2407	1439	1975	1069	2095	1199	1590	1939	1717	1743	1325	1619	1688
2,3-dihydroxybutanoic acid NIST	207	283	244	206	295	180	236	208	281	689	520	816	304	371	635	560	695	1045	682	1152	206	1516	1300	1543	1760	1237	1953	1343	1480	2083	2218	2800	1809	2714
1-monopalmitin	502	515	548	494	349	807	602	1075	1832	871	1754	600	2134	1065	777	1775	932	1502	945	517	1396	982	1636	1503	460	1739	885	798	987	898	2617	3344	1419	1695
1-monoolein	3609	201	4885	4346	14323	10367	11676	2431	44183	27494	19873	19229	38900	40852	28090	53396	37633	16830	11737	11019	10631	11857	33231	20714	15447	29273	5957	4690	7356	4773	56781	90759	26232	42334
1-methylgalactose NIST	8512	8395	1032	7608	25299	20993	17156	15976	18142	10130	6448	12080	8853	17875	16964	17361	16071	3597	3178	4313	2825	4095	8677	6793	7551	6611	5647	5272	4628	6170	9229	801	3986	6325
1-methyladenosine	108	111	121	98	106	165	96	135	64	108	180	99	173	155	105	165	107	236	208	222	223	253	307	325	266	346	806	478	595	513	961	400	947	723
1,2-cyclohexanedione	765	894	740	419	3375	1174	2450	1054	1496	2551	2061	3618	4031	2313	2813	2375	3330	1240	1273	1280	1007	1774	935	1978	600	4621	3646	3023	3350	2261	13284	8655	21606	20615
"
pacman::p_load(data.table,stringr)
input = gsub("\r","",input)
cfile = strsplit(input,"\n")[[1]]
ts = sapply(regmatches(cfile, gregexpr("\t", cfile)),length)
t.mode = unique(ts)[which.max(tabulate(match(ts, unique(ts))))]
ts.first.row = ts[1]
cfile[[1]] = paste0(paste0(rep('\t',t.mode-ts.first.row),collapse = ''),cfile[[1]],collapse = '')
df1 = as.data.frame(do.call(rbind,lapply(cfile,function(x){
# if "BinBase name\tret.index\tquant mz\tBB id\tmass spec\tPubChem\tKEGG\tInChI Key\t", then last \t would be excluded.
if(str_sub(x,-1,-1)=="\t"){
x = paste0(x,"\t")
}
strsplit(x,"\t")[[1]]
})),stringsAsFactors = F)
if(t.mode==ts.first.row){
col_start = which(diff(as.character(df1[1,])=='')==-1)[1] + 1
}else{
col_start = t.mode-ts.first.row + 1
}
row_start = which(diff(df1[,1]=='')==-1)[1] + 1
if(length(row_start)==0 & col_start ==1){
row_start = 1
}else if(length(row_start)==0){
stop("There is an error in the input format. Please click the '!' icon (next to 'Example Data File') for more information.")
}
row_start
col_start
row_start
col_start
length(row_start)==0
length(row_start)==0 | is.na(col_start) | is.na(row_start)
stop("There is an error in the input format. Please click the '!' icon (next to 'Example Data File') for more information.")
library(WCMC.Stat.HeatMap)
library(opencpu);
opencpu$browse("library/WCMC.Stat.HeatMap/www")
library(WCMC.Stat.HeatMap)
?colorRampPalette
colorRampPalette(c('green','black','red'))
